time,u,v,r,x,y,ψ,x1,y1,x2,y2,δ,n_p,X_F,Y_F,N_F
0.0,1.4,0.0,0.0,0.0,0.0,0.0,3.0,0.0,-3.0,0.0,0.17453292519943295,21.21824,-7.531869131839893,2.0893049187467456,1.7125874093272007
0.25,1.4088704440065734,-0.0029355658333423233,0.003629961174406845,0.35,0.0,0.0,3.35,0.0,-2.65,3.6739403974420594e-16,0.17453292519943295,21.21824,-4.168985304740709,3.748778311102393,8.202679265129465
0.5,1.417656096939275,-0.006169058815786615,0.0069414218705441295,0.7022147647751446,-0.0007118627508553067,0.0009139808572257953,3.7022135117337207,0.0020300794390701103,-2.297783982183432,-0.0034538049407798464,0.17453292519943295,21.21824,-13.656058611356059,-9.969540698555441,-5.036859946355725
0.75,1.4263631014731075,-0.009836186240215263,0.00995829613918041,1.0566326403846737,-0.0019591805183643853,0.0026487467864740417,4.056622116601519,0.005987050549443296,-1.9433568358321713,-0.009905411586171666,0.17453292519943295,21.21824,0.6034650243373996,-11.950284098424016,21.807568485421044
1.0,1.4349750709496798,-0.013862906076516713,0.012661306330817896,1.4132317775688454,-0.0035211514151107805,0.0051135251438601675,4.413192555445216,0.011819357161972993,-1.586729000307525,-0.018861659992193868,0.17453292519943295,21.21824,-2.7629995288656812,-12.11145343780106,-31.593184126991268
1.25,1.4434674355387305,-0.018026261344867074,0.015260394625189404,1.771988688872804,-0.005130749167619027,0.008296525367768166,4.771885440965275,0.01975854140206903,-1.2279080632196675,-0.03002003973730716,0.17453292519943295,21.21824,-7.226910983111229,-11.960882654665056,5.210650742728446
1.5,1.4518440507735435,-0.02236685342135943,0.017553448321792817,2.132882207541373,-0.006623680165523542,0.012079369584658831,5.132663343448278,0.029613547337410392,-0.866898928365532,-0.04286090766845679,0.17453292519943295,21.21824,-14.7261581622647,13.134818353708523,31.370545299101174
1.75,1.4600947656996675,-0.02694202007941433,0.01981487806693993,2.4958870966139046,-0.007817640252289967,0.01648707844060333,5.495479370216664,0.041641354310186666,-0.503705176988855,-0.05727663481476569,0.17453292519943295,21.21824,-14.345179529581635,-19.80111903225441,-3.137951924631883
2.0,1.4682006126482088,-0.03162379473011897,0.021928958838816456,2.860971096148124,-0.008509379813604176,0.021444223509031645,5.860281340498167,0.05581836021313894,-0.1383391482019194,-0.07283711984034699,0.17453292519943295,21.21824,-3.9851220178975812,21.242184007852323,48.61662096670313
2.25,1.4761534872439435,-0.03655046280539196,0.02390329961932592,3.2281039296955036,-0.00856288503446065,0.026914480609703598,6.227017411387819,0.07217080886731932,0.22919044800318744,-0.08929657893624023,0.17453292519943295,21.21824,-5.186785235869368,3.3385648265113073,23.99286837534895
2.5,1.4839605790795114,-0.041508979975941496,0.0258309142070741,3.5972553587270197,-0.00774302250392454,0.03289516749008546,6.595632367020849,0.09092468312973342,0.5988783504331897,-0.10641072813758154,0.17453292519943295,21.21824,-17.024326460612134,6.672509453997021,16.657981430581216
2.75,1.4916061432077823,-0.046670448244724744,0.027643974011158947,3.9683867668971806,-0.005932577169699346,0.03933907027888467,6.9660657225748315,0.11205419618824675,0.9707078112195305,-0.12391935052764451,0.17453292519943295,21.21824,-7.645388212772431,2.613610723664347,6.058173593917952
3.0,1.4990765381299522,-0.051883898332484656,0.02941449758304433,4.341455154039718,-0.002919686689468888,0.046246139232427486,7.33824766766571,0.13576928286214943,1.344662640413725,-0.1416086562410865,0.17453292519943295,21.21824,8.878137202890406,2.1323639744369673,15.64753618560034
3.25,1.5063804780206391,-0.05720658917021388,0.03113439047960447,4.7164237937720825,0.0014461334549326578,0.053595528603193485,7.7121161040371105,0.16215575425897819,1.7207314835070542,-0.1592634873491123,0.17453292519943295,21.21824,-3.0859620983141136,-8.135610781603466,2.5314794335305257
3.5,1.5135030146409234,-0.06260493407404599,0.03280337910908399,5.093243647697516,0.007339526852421055,0.06137222664879066,8.087595595531713,0.19134064777748735,2.098891699863319,-0.17666159407264473,0.17453292519943295,21.21824,-14.339089583724869,6.668217629633984,4.108095478561631
3.75,1.5204472376112457,-0.068075435907343,0.034443965514251766,5.471867581744064,0.014927987356817642,0.06956982884941945,8.464610567795411,0.22346915701040074,2.479124595692716,-0.1936131822967656,0.17453292519943295,21.21824,-13.500080994099262,-8.268890127969279,45.23916254062041
4.0,1.5271976440152595,-0.07358393384064574,0.03605909289197223,5.85224046397074,0.02438515252617315,0.07817934224038041,8.843077118272841,0.25868433580638966,2.861403809668639,-0.20991403075404308,0.17453292519943295,21.21824,-7.5659360065773456,-9.202032408791155,13.247977849171338
4.25,1.5337633139093778,-0.07916154780637635,0.03765702759557039,6.234311538341422,0.03586897754120274,0.08719431786851205,9.222914488322044,0.297120594507758,3.2457085883608,-0.2253826394253523,0.17453292519943295,21.21824,1.6850919974508625,1.306686078641498,93.99716199343871
4.5,1.5401208117584886,-0.08480669094323853,0.039229960652500756,6.61801527342398,0.04954396696924122,0.09660554426276081,9.604027210514799,0.33891001810715693,3.6320033363331623,-0.23982208416867454,0.17453292519943295,21.21824,-5.852150122095951,-6.282055960516416,0.5710125637068026
4.75,1.5462791906508313,-0.09046202713641038,0.04079577790985815,7.003292368806781,0.06559211112240373,0.10641291197616139,9.98632282930004,0.3842286937198807,4.02026190831352,-0.25304447147507236,0.17453292519943295,21.21824,3.284131572607381,-10.434145503490633,17.285878758162898
5.0,1.5522281835769185,-0.09616379003678818,0.042348489188990424,7.390073692168876,0.08416941892445391,0.11660910902031345,10.369700267363251,0.4332044779019719,4.410447116974501,-0.2648656400530633,0.17453292519943295,21.21824,-3.1916427836865875,-23.19694839851224,34.419443665655194
5.25,1.5579713861904816,-0.10190106251051313,0.04387573335833018,7.7782907317074965,0.10544155254926763,0.12718799161401062,10.754058247305199,0.4859776127505017,4.802523216109794,-0.27509450765196636,0.17453292519943295,21.21824,2.9810997272915016,-31.316024117287494,29.99866707110042
5.5,1.5634886095068616,-0.10768033361453766,0.045384014462444305,8.167863433000942,0.12957633542414548,0.13814710827741064,11.13928199661714,0.5427006748170368,5.196444869384745,-0.2835480039687459,0.17453292519943295,21.21824,-8.927765509534542,-13.352509161507355,61.00363734073476
5.75,1.5687827607450016,-0.1134685182566759,0.04690222748828436,8.558713236139894,0.15674700243243483,0.14949256116978174,11.525253580167487,0.603556119681236,5.592172892112301,-0.2900621148163658,0.17453292519943295,21.21824,-6.855386092246783,-30.572607925646654,28.38893250031023
6.0,1.5738645658556154,-0.11926853817340348,0.04841156664787261,8.95075881913257,0.18711912086860572,0.1612165735804185,11.911857010719514,0.6686764900163878,5.989660627545625,-0.29443824827917575,0.17453292519943295,21.21824,-2.56084978979098,-2.286977274853655,80.43860161558892
6.25,1.5787010726684598,-0.12509701429751238,0.04990986190893034,9.343903008585766,0.2208503529588908,0.17331629747953944,12.29895787648216,0.7382000680666069,6.38884814068937,-0.2964993621488253,0.17453292519943295,21.21824,-10.601182269471892,26.003451488250207,125.03300593601197
6.5,1.5832980598088464,-0.13093139931527148,0.051405915774669186,9.738051605878026,0.2581129823496244,0.18579227339246146,12.686422224502675,0.812288672208862,6.789680987253377,-0.2960627075096133,0.17453292519943295,21.21824,5.785859212835318,-45.67060071271061,-0.15186006994570478
6.75,1.5876585853409795,-0.1367716281679388,0.05289280598854799,10.13310809363322,0.2990698827108633,0.19864033383203872,13.074115481048763,0.8910796353055304,7.192100706217676,-0.29293986988380327,0.17453292519943295,21.21824,0.055751806574249545,-35.23841445159579,11.222562594673054
7.0,1.5917680395044416,-0.1426346042141259,0.0543731790550971,10.528960753943585,0.34387562519145676,0.2118605417076315,13.46188487542461,0.9747132410932172,7.5960366324625594,-0.28696199071030387,0.17453292519943295,21.21824,4.84151502130581,-24.87588901588502,67.39090515928831
7.25,1.5956183633555814,-0.14846436944979657,0.05582778133377175,10.925495460642576,0.3927048317026955,0.22544447153295816,13.849579999715747,1.063323656634751,8.001410921569407,-0.2779139932293601,0.17453292519943295,21.21824,-0.31990867359337993,-34.04948970829261,38.71942588016452
7.5,1.599216743462377,-0.15430021453825468,0.05727704949634021,11.322598477293827,0.44570542805347,0.23939576802506793,14.23704275245813,1.1570524368768869,8.408154202129523,-0.26564158076994643,0.17453292519943295,21.21824,4.237223851173515,-25.204127654302635,86.21232030869213
7.75,1.6025559959026123,-0.1601311147447366,0.058733156547406976,11.72014488189414,0.5030383821693561,0.25371625554411315,14.62410383256462,1.2560472883725997,8.816185931223657,-0.24997052403388723,0.17453292519943295,21.21824,5.883333014134292,-29.735102620985007,58.298655489594125
8.0,1.6056144336354696,-0.16595092033684264,0.060153331790061854,12.117996488028238,0.5648512465450248,0.2683906915669198,15.010593191954909,1.3603915085258862,9.225399784101567,-0.23068901543583595,0.17453292519943295,21.21824,6.945370917841343,-26.072639947313657,65.55467219662859
8.25,1.6084014822510342,-0.17174492799638852,0.06157270234248761,12.516021919168441,0.6313007996423331,0.28342682357154747,15.39633024484222,1.470242960374719,9.63571359349466,-0.20764136109005174,0.17453292519943295,21.21824,-12.272290536255039,-21.969110396222945,72.49700496802703
8.5,1.610923619070084,-0.17752189328989565,0.06297739046569373,12.914081665370244,0.7025304726205925,0.29881704680636123,15.78113788690386,1.585700118026176,10.047025443836626,-0.18063917278499084,0.17453292519943295,21.21824,1.5727441369322275,-53.27199060790818,30.079932753407856
8.75,1.6131823246690675,-0.1832794819175383,0.06434893384743882,13.31202859385495,0.7786809475181478,0.31455285716641934,16.16483304207912,1.7068548429668517,10.459224145630781,-0.14949294793055562,0.17453292519943295,21.21824,3.0721062721724475,-32.34500976813201,67.63331786114229
9.0,1.6151394441806246,-0.18896549309297042,0.06571461469176353,13.70969493676519,0.8599016327921345,0.3306385363115126,16.547200649079375,1.8338427668368842,10.872189224451006,-0.11403950125261457,0.17453292519943295,21.21824,7.565554598166843,-37.58873448047106,79.4626383691256
9.25,1.6168295100711703,-0.19464244105246561,0.06705607685641654,14.106937354801403,0.9463109542700855,0.34706389647968305,16.928063692311238,1.966725667910344,11.285811017291568,-0.07410375937017327,0.17453292519943295,21.21824,13.120869854453483,-48.38023823326838,53.615121184507665
9.5,1.6182403866082984,-0.2002633548216141,0.0683745863589678,14.503585203879233,1.0380472329739514,0.36382485860458713,17.307212949802864,2.105601195272402,11.699957457955604,-0.029506729324498156,0.17453292519943295,21.21824,10.149859647536758,-29.22257750040834,124.22406315946643
9.75,1.6193921407505925,-0.2058314922349307,0.06967808949385956,14.89947400967475,1.1352347870838095,0.3809186895845676,17.684444458556044,2.2505551889674886,12.114503560793457,0.019914385200131286,0.17453292519943295,21.21824,4.886992638574579,-46.40384913113602,49.781322290847484
10.0,1.6202472305277553,-0.21133579943583525,0.07091920487717701,15.294419539837364,1.237983547039461,0.39832524050328755,18.059555192018646,2.4016092708166514,12.52928388765608,0.07435782326227108,0.17453292519943295,21.21824,8.927749131926923,-37.105493097348685,99.27321995250344
10.25,1.6208523768445193,-0.21678015495899425,0.07218378344378099,15.688255281724922,1.346414529850565,0.4160646012733417,18.43231497815621,2.5589063370069787,12.944195585293633,0.13392272269415229,0.17453292519943295,21.21824,14.305198956267816,-63.34843603848299,38.45915693460816
10.5,1.6211606645019987,-0.2221559808244709,0.07337547504880344,16.080785722928105,1.4606189924890776,0.43410066605013214,18.80253171549841,2.7224029486113235,13.3590397303578,0.19883503636683175,0.17453292519943295,21.21824,18.495705290073158,-55.03144090534199,80.11284556597826
10.75,1.6212077879502846,-0.22743473718872756,0.07455465074744629,16.471828917441933,1.5807090488338702,0.4524447974378759,19.169971946806807,2.8922059771908706,13.773685888077056,0.269212120476871,0.17453292519943295,21.21824,16.23698976362049,-66.65653135704302,76.0783659168427
11.0,1.6210132519229687,-0.23266931510941743,0.07568612013914595,16.86120608750453,1.7067586416646445,0.47107823238696506,19.53444444760701,3.0683006608754315,14.187967727402047,0.34521662245385826,0.17453292519943295,21.21824,14.628632682435606,-51.19823607981808,75.87602629200767
11.25,1.6205477613060397,-0.2377842665376746,0.07679458448265469,17.248704617250052,1.8388651652635675,0.49000083949699325,19.895702007812535,3.250745051923945,14.601707226687571,0.42698527860319085,0.17453292519943295,21.21824,20.2720014224907,-49.271557023830944,83.50918260804615
11.5,1.6198211529164355,-0.242830437702442,0.07785394450467538,17.634137147891916,1.977085795674498,0.5091958540754346,20.253547521391702,3.439511621212917,15.01472677439213,0.514659970136079,0.17453292519943295,21.21824,23.96480832221201,-73.49622489153958,80.19761429863603
11.75,1.618844546175613,-0.24776761823522794,0.07887925713606798,18.017299387476292,2.121496038174508,0.5286587687232748,20.60775238163983,3.6346230272369513,15.426846393312758,0.6083690491120658,0.17453292519943295,21.21824,23.58698777808594,-65.50398947269751,71.88374688368064
12.0,1.6176238570249026,-0.25256658000283383,0.0798594970323019,18.397985186356006,2.272156352938265,0.5483772115021539,20.95810001627617,3.8360655758865954,15.837870356435841,0.708247129989936,0.17453292519943295,21.21824,19.244209497873108,-66.63157555431935,80.32845307306664
12.25,1.61616519784465,-0.25728699477889017,0.0808148408085641,18.775999208397106,2.429100064441894,0.5683468570637381,21.304374948170953,4.043818652470069,16.24762346862326,0.8143814764137205,0.17453292519943295,21.21824,19.077887038574776,-72.010256186967,60.43672709466219
12.5,1.6144722196658445,-0.26188203323215425,0.08169828367804105,19.151131020976187,2.592369365026239,0.5885436507954064,21.646381181638255,4.257820245633639,16.655880860314124,0.9269184844188402,0.17453292519943295,21.21824,21.254399926119575,-80.8980421572632,38.68395500938378
12.75,1.6125477701536106,-0.2663435757089763,0.08256467857905468,19.523170043902777,2.7619966329548746,0.6089736299478707,21.98387672397483,4.47807432194473,17.06246336383072,1.0459189439650196,0.17453292519943295,21.21824,27.242159107579837,-78.76856594720981,70.78584267807554
13.0,1.6104077632354123,-0.27068971516204793,0.08337422470486415,19.8919159929141,2.937992462046923,0.629613581131769,22.316681306803886,4.704489892715027,17.467150679024314,1.1714950313788197,0.17453292519943295,21.21824,25.049247026152635,-83.79548524229612,57.31813444974896
13.25,1.6080642666510936,-0.27490185030293246,0.08413064493634517,20.257159616774434,3.120368179563806,0.6504538197754802,22.644586829840538,4.93701104548752,17.86973240370833,1.303725313640093,0.17453292519943295,21.21824,24.90665411558875,-65.81935197189593,91.40850286248482
13.5,1.6054964425705296,-0.2789909427820606,0.08484858283529807,20.618690404659773,3.3091163240145196,0.671487145074669,22.967382314317273,5.1755691933657415,18.269998495002273,1.4426634546632977,0.17453292519943295,21.21824,28.06005340169389,-90.56342599133416,56.75258792013276
13.75,1.6027345180663688,-0.2829571601278063,0.0854939427191422,20.976309563359536,3.504223406311669,0.692691733630039,23.284899066929114,5.420055993989507,18.667720059789957,1.5883908186338302,0.17453292519943295,21.21824,29.951076596913325,-87.47745354605256,65.69964491432046
14.0,1.599801538552771,-0.2867329042344431,0.0861208511243588,21.329805313747283,3.705689537244561,0.7140725908721423,23.596908139680913,5.670440100711728,19.062702487813645,1.7409389737773946,0.17453292519943295,21.21824,23.83613899771642,-90.74714194227786,51.82272452926085
14.25,1.5966730494863557,-0.2903590117530852,0.08670721173287474,21.678974828666732,3.9134650332948087,0.7356104860444013,23.903238521936874,5.926584757206,19.45471113539659,1.9003453093836176,0.17453292519943295,21.21824,27.589640996811045,-88.19688216617372,55.378253188482255
14.5,1.5933714363383418,-0.2938861701353315,0.08723705663493368,22.02363554611142,4.127500171100647,0.7572881654191692,24.203740298747544,6.18836000804575,19.8435307934753,2.066640334155544,0.17453292519943295,21.21824,30.012481965577663,-87.75942862902023,67.29944390728618
14.75,1.5899362259477237,-0.29724355162298394,0.08770359762569019,22.36357800648584,4.347759261341534,0.7790942243235519,24.498228785554662,6.455664869147759,20.228927227417017,2.2398536535353095,0.17453292519943295,21.21824,36.54500310596923,-102.29563652808858,54.6754496897066
15.0,1.5863313337518228,-0.3004723076801511,0.08811199245189823,22.698615625663635,4.574168611916597,0.8010153677120052,24.78654953601534,6.728358015382214,20.610681715311927,2.41997920845098,0.17453292519943295,21.21824,32.313296726671474,-105.63789230825601,44.71752469163916
15.25,1.5825903602404423,-0.3034935531854664,0.08853323737429393,23.028546352848746,4.806682753454859,0.8230625100555555,25.068482963056507,7.006377874678267,20.988609742640985,2.6069876322314505,0.17453292519943295,21.21824,24.308837118380318,-82.97158671917376,63.21892783667356
15.5,1.578708094707176,-0.30638676428407724,0.08885836330413603,23.353200069009812,5.045195013650287,0.8451910993898561,25.34396506964542,7.289488825129601,21.362435068374204,2.8009012021709725,0.17453292519943295,21.21824,30.59260690368687,-81.90921521848789,66.16783960541748
15.75,1.5746876064510127,-0.30914606826198243,0.08913991774436984,23.672395659458807,5.289621337112064,0.8674049037335448,25.61281930211555,7.577580271843818,21.731972016802064,3.001662402380311,0.17453292519943295,21.21824,28.764946682239255,-95.17573500602698,47.3070162317999
16.0,1.5705621892057755,-0.31168012702950654,0.08941759061294052,23.985944069408408,5.539891084158314,0.8897056042384028,25.874866367180733,7.870550337026163,22.09702177163608,3.2092318312904644,0.17453292519943295,21.21824,33.69884568150294,-88.90103342462737,35.78487087461815
16.25,1.5663374050149759,-0.3141353101040932,0.08960726595018184,24.293706763792848,5.795866096967448,0.9120556972125607,26.13007118334502,8.16815733511745,22.457342344240672,3.4235748588174473,0.17453292519943295,21.21824,39.52675597087886,-96.97688948757879,58.5716079402203
16.5,1.5619882845651067,-0.31637609367816566,0.08979097380114154,24.59548429564517,6.057455102045603,0.9344696840551001,26.378219399364703,8.470307262864022,22.812749191925636,3.644602941227186,0.17453292519943295,21.21824,30.32209859370943,-86.78450563162463,63.386406777673294
16.75,1.5575626719295061,-0.31851789980967177,0.08993441380743877,24.891154050707847,6.3245257636649574,0.9569260858161771,26.619260242036876,8.776800012498127,23.16304785937882,3.8722515148317878,0.17453292519943295,21.21824,27.931921556573762,-96.79208457626352,26.253390059592867
17.0,1.5530192656242208,-0.3204976343239459,0.09003918427312113,25.18054087138121,6.596949815967023,0.9794158186823649,26.85306370960085,9.087465295869478,23.50801803316157,4.106434336064568,0.17453292519943295,21.21824,28.736753443482844,-114.90696712246823,-7.7641333195760485
17.25,1.5484155381604958,-0.3223578345990352,0.09008419484095469,25.463520358070355,6.874596664290147,1.001922790990894,27.079570363832694,9.402121615477762,23.847470352308015,4.347071713102531,0.17453292519943295,21.21824,27.14731478060265,-104.50028971044685,25.450550577058497
17.5,1.5437185233440225,-0.3240415542048229,0.09010376390707552,25.73993312598106,7.157326566389584,1.024448188390344,27.298644472952095,9.720609410092898,24.181221779010023,4.594043722686271,0.17453292519943295,21.21824,22.65014381204642,-103.90318968688267,15.557500246081391
17.75,1.5389483077846253,-0.32561124666861174,0.09010413126940935,26.00966659488298,7.444986340155094,1.0469837005040268,27.510222160976806,10.042741716064235,24.509111028789153,4.847230964245953,0.17453292519943295,21.21824,32.45078486539944,-121.62368282322646,47.03171893750699
18.0,1.5341104658628657,-0.3270283667481359,0.09006260354092982,26.27258669722673,7.737426777118972,1.0695153722961293,27.71423456211522,10.368329936428045,24.830938832338237,5.106523617809899,0.17453292519943295,21.21824,35.10040123179167,-125.95884178868155,0.9004834354965244
18.25,1.5292183445883827,-0.3283402259901976,0.09002114157641464,26.528590001693722,8.034488165034123,1.0920471322164684,27.910598071321125,10.69720363903521,25.14658193206632,5.3717726910330335,0.17453292519943295,21.21824,20.989203564462404,-86.7956391852635,18.308318634022672
18.5,1.5242795626977907,-0.3295047777119676,0.08992117779559496,26.77755699256692,8.336008188161996,1.1145539485016556,28.099290855664933,11.0291512580972,25.45582312946891,5.6428651182267915,0.17453292519943295,21.21824,33.38941787645959,-112.16775677691909,28.943433810109408
18.75,1.5192630137044265,-0.3305259266087301,0.08981524788283396,27.019381726452245,8.64181282380703,1.137044357138991,28.280216542870484,11.363998630416788,25.75854691003401,5.91962701719727,0.17453292519943295,21.21824,30.092495119653652,-122.30327568566578,25.92064727528091
19.0,1.5142152060178913,-0.33146420771267526,0.08967869945700438,27.253991528494964,8.951732580279405,1.1595036646856414,28.453375094370156,11.70154694890662,26.054607962619777,6.201918211652191,0.17453292519943295,21.21824,34.40137866969811,-120.84142168952503,6.595347593303914
19.25,1.5091202238094126,-0.33229966466270716,0.08951710703305839,27.48129271226704,9.265589540873165,1.1819277099429928,28.618717948757173,12.041605360603914,26.343867475776907,6.489573721142419,0.17453292519943295,21.21824,22.467686795888124,-115.16759803951436,41.4418590234996
19.5,1.5039898328122416,-0.3330123817805548,0.08933245867841386,27.701203707954672,9.583211183033766,1.2043111918815248,28.776212308344224,12.383989023043306,26.626195107565113,6.78243334302423,0.17453292519943295,21.21824,31.97525365331424,-145.5542195233508,-27.1895607729681
19.75,1.4988226427088238,-0.3336329800283871,0.08914929928204099,27.91365850462677,9.904414600610268,1.226655486137404,28.925822560905008,12.72851161083821,26.901494448348533,7.080317590382326,0.17453292519943295,21.21824,28.297190574259687,-101.09786935934086,16.968667077654477
20.0,1.4936259293091396,-0.3341731618514759,0.08891489561330551,28.118601667570324,10.229013765785504,1.2489400558633794,29.067585834852004,13.074963352522772,27.16961750028865,7.383064179048237,0.17453292519943295,21.21824,17.197346109406695,-126.8378288933964,-51.93084285662782
20.25,1.488380876542047,-0.33459919477362104,0.08869548626456814,28.3159638842767,10.556824869852774,1.2711800832204054,29.2014245894576,13.4231743495186,27.430503179095805,7.690475390186948,0.17453292519943295,21.21824,29.819410553181623,-125.84913289267388,-35.6704899235293
20.5,1.4830972737669428,-0.3349691633139011,0.08843058980427379,28.505715530595968,10.887655509921782,1.2933526666670274,29.3274094223845,13.77293177887722,27.684021638807433,8.002379240966341,0.17453292519943295,21.21824,18.28617414080793,-109.70460285178453,16.20973478837695
20.75,1.4777755283028953,-0.335258848676304,0.0881813248009043,28.68780724992367,11.221322450528223,1.315472565012622,29.445483313328978,14.124067183180932,27.93013118651836,8.318577717875515,0.17453292519943295,21.21824,8.18933475106496,-125.21100611414309,1.7653229588423225
21.0,1.4723902161829825,-0.3354774782579597,0.0879120665818777,28.862207673871893,11.557623000768668,1.337524895269346,29.555692416442305,14.476369120564371,28.16872293130148,8.638876880972965,0.17453292519943295,21.21824,10.626015957262489,-127.13889484107465,-59.12035937114845
21.25,1.4669612236769163,-0.33564964998504937,0.08762861164020475,29.02889912880212,11.896369207039427,1.3595081139882454,29.658058044237738,14.829653894745398,28.399740213366503,8.963084519333457,0.17453292519943295,21.21824,13.395166573416954,-132.64137742529823,-38.9521748661111
21.5,1.4614927900824926,-0.3357380369028468,0.08732419097661095,29.187852375395344,12.237368672442058,1.3814172328084642,29.752599754223052,15.183732600762413,28.623104996567637,9.291004744121702,0.17453292519943295,21.21824,10.52257882237208,-99.08052575362976,50.972634535715045
21.75,1.4559799078673903,-0.3358027342740466,0.08701736165165086,29.33907134277777,12.580419454003659,1.4032542893532196,29.839349272739113,15.538412353385585,28.83879341281643,9.622426554621732,0.17453292519943295,21.21824,3.90267013994148,-84.93559252022072,-29.49722631120691
22.0,1.4504259372580728,-0.335789438591262,0.08671888481053407,29.482534885869804,12.925329655617084,1.4250203173329181,29.918315642089116,15.893510096983295,29.04675412965049,9.957149214250869,0.17453292519943295,21.21824,8.704006858336237,-159.771787021013,-103.54275018107039
22.25,1.444868321428295,-0.3357247212881592,0.08637726729729334,29.618260433660446,13.271911247395455,1.4466972796426962,29.989602712436614,16.248840019132082,29.24691815488428,10.294982475658825,0.17453292519943295,21.21824,3.8457568549797565,-105.41925018353508,-13.823279951016552
22.5,1.4393059474211332,-0.33568048746804974,0.0860349125276086,29.7462719931355,13.619972077414518,1.4682948824496833,30.053238140897573,16.60422605188253,29.43930584537343,10.635718102946507,0.17453292519943295,21.21824,17.075208029510787,-111.55668798065156,-18.07136622743024
22.75,1.433765940870335,-0.33553891900851573,0.0857051787041518,29.86655428946559,13.969337641122225,1.4898159751978295,30.10922990413,16.959506289551292,29.623878674801176,10.979168992693156,0.17453292519943295,21.21824,2.60255213503222,-109.85343359146748,-74.27215715392823
23.0,1.4282763196997672,-0.3353733213807853,0.0853619863173115,29.979152795464557,14.31983226227544,1.5112493602605686,30.15768814173871,17.314515071878283,29.800617449190405,11.325149452672598,0.17453292519943295,21.21824,0.7397853924129627,-85.9994080003713,-25.94837206182146
23.25,1.422843866559124,-0.33518092637327873,0.08500282082261672,30.08409371823898,14.671285246321231,1.5325933996222831,30.198674623899425,17.66909631709571,29.969512812578532,11.673474175546751,0.17453292519943295,21.21824,-5.992247785535243,-92.10368073802209,-3.18813784583952
23.5,1.417503750913031,-0.3349556136365348,0.0846486971791269,30.18140872221797,15.023544461887264,1.5538516347792228,30.232240365698004,18.02311378831083,30.130577078737936,12.023975135463699,0.17453292519943295,21.21824,0.5471976846435707,-106.47210769163031,-34.37125169597728
23.75,1.4122560341540698,-0.3347223580550564,0.08428658852017688,30.271142960172988,15.37645309923684,1.575019257744485,30.258474204978263,18.37642634955812,30.28381171536772,12.376479848915563,0.17453292519943295,21.21824,14.45243921401036,-140.8419141590237,-100.39449219038683
24.0,1.4071202813001729,-0.3344600190974947,0.08391659927786059,30.353330139261786,15.729870188763904,1.5960947789226396,30.277442878271877,18.728910222446277,30.429217400251694,12.73083015508153,0.17453292519943295,21.21824,-15.67600750645459,-73.89201909966361,-54.28415929415825
24.25,1.402099484867058,-0.3341735124963199,0.0835427051555413,30.42801684385706,16.083654679912453,1.6170781840544297,30.289220834877696,19.080442237930438,30.566812852836417,13.086867121894466,0.17453292519943295,21.21824,-9.581551939242107,-108.62010503196814,-88.75735696123893
24.5,1.3971865918938462,-0.33385054984698964,0.083165187420822,30.495245731648904,16.437666010220223,1.6379683905513367,30.29388104926373,19.430900425478725,30.696610414034073,13.44443159496172,0.17453292519943295,21.21824,23.75987935599953,-0.7124716852253853,-150.00000148916214
24.75,1.392388692991021,-0.33353004165940064,0.08279581846896023,30.555074244896225,16.79177700343239,1.6587687227547234,30.29149734076687,19.780175774615646,30.81865114902558,13.803378232249134,0.17453292519943295,21.21824,8.561259097176835,-149.1708015110844,-88.99037481223294
25.0,1.389421919552205,-0.3254004836293954,0.08296074575340101,30.606278620377747,17.146043342385966,1.6795822390322028,30.280564209503687,20.12830927998257,30.931993031251807,14.163777404789359,0.17453292519943295,21.21824,8.866903838626298,-91.76659351716565,-150.00000147688334
25.25,1.3831129694967859,-0.3328190796146785,0.08204981221012285,30.652718170788646,17.49976645324712,1.7000871200227892,30.26592550778662,20.474727198508777,31.039510833790676,14.524805707985458,0.17453292519943295,21.21824,-11.31252706354616,-146.79464085014092,-67.00634295089107
25.5,1.3792913183488136,-0.3292997735627409,0.08178214870874725,30.690131998435508,17.853437102873066,1.7206285522793703,30.24231527908772,20.819825510663353,31.137948717783296,14.88704869508278,0.17453292519943295,21.21824,-5.527972208982556,-150.445298139215,-83.85159486585559
25.75,1.374208748169754,-0.3320323135225594,0.08130683137534826,30.721375796851085,18.206583016120966,1.7410314287470536,30.213133624975132,21.163217909835023,31.229617968727034,15.24994812240691,0.17453292519943295,21.21824,8.673318767020099,-93.51715288733133,-115.83484575128242
26.0,1.3698860615535533,-0.33161343793349934,0.08093421030225058,30.744977453353535,18.559233478046398,1.7613624578361187,30.17673303006699,21.50492495466673,31.31322187664008,15.613542001426064,0.17453292519943295,21.21824,17.992899052027933,-123.64116730589421,-101.74085288256815
26.25,1.3656476522395253,-0.33116738224239695,0.08055294718993153,30.761504004425195,18.911211053589753,1.7815973596310772,30.133774201144323,21.844801906805817,31.38923380770607,15.977620200373687,0.17453292519943295,21.21824,0.055449894337940536,-109.75335642373511,18.733706857987347
26.5,1.3614759840181265,-0.33071313555286624,0.08018261696485689,30.771023579295804,19.262389253423517,1.8017418471355344,30.08432945067816,22.1827404606796,31.45771770791345,16.34203804616744,0.17453292519943295,21.21824,4.7716583361042915,-140.55833429059348,-7.102271526072278
26.75,1.3573762795818902,-0.33025214234214084,0.07982852532901571,30.773597192111716,19.612648745089903,1.8217980400583138,30.028473969941945,22.518641068511172,31.518720414281486,16.70665642166863,0.17453292519943295,21.21824,9.137826808674903,-156.49109890302447,-0.011632717163473118
27.0,1.3533508856564578,-0.3297664727373435,0.0794580395274151,30.769286938405315,19.961868708407696,1.841756602251446,29.966316541093974,22.8524116575861,31.572257335716653,17.07132575922929,0.17453292519943295,21.21824,0.4205014531995613,-127.19019570157877,-87.30991639928013
27.25,1.3493961582007474,-0.3292643956418441,0.07909845683640468,30.75815944590193,20.309932166875896,1.8616258223979787,29.897918488746303,23.18395121615724,31.618400403057557,17.435913117594556,0.17453292519943295,21.21824,-10.838102059638775,-135.11802578835466,-147.54166548124192
27.5,1.3455103428021642,-0.32873686731510027,0.07872678298390312,30.740281418235913,20.656720951585246,1.8813997912517317,29.823381577268297,23.513168864926843,31.65718125920353,17.80027303824365,0.17453292519943295,21.21824,4.090622518053691,-150.22931940088398,-100.61008467351087
27.75,1.341758902499218,-0.3283877565665645,0.07816352014291537,30.71575560927222,21.002142772357097,1.9010574978429144,29.74288532063967,23.840015814178404,31.688625897904775,18.16426973053579,0.17453292519943295,21.21824,-2.5214343275037554,-131.75472959202105,-69.85022404337347
28.0,1.337928309455392,-0.3276345646851906,0.07801651328871373,30.6845519521437,21.34602646001752,1.9206837571459443,29.656175770863996,24.164260380361366,31.7129281334234,18.527792539673673,0.17453292519943295,21.21824,-11.242538177875735,-94.40699751490581,-31.088849023979176
28.25,1.3342363263406274,-0.3270633375089525,0.07765777227208108,30.646842309453945,21.688324831458203,1.9401892411225434,29.56369422108682,24.485964947460733,31.72999039782107,18.890684715455677,0.17453292519943295,21.21824,13.693892456078457,-117.87035362206063,-33.80319895232217
28.5,1.3306041803815611,-0.32646904589822423,0.07731640614947814,30.602660375483,22.02890944216244,1.9596105840403828,29.465386043799523,24.804987087782674,31.739934707166476,19.252831796542203,0.17453292519943295,21.21824,-2.5579818171796447,-141.51301723550222,-127.5734146018459
28.75,1.3270322417027578,-0.32586017426598607,0.07696682579324923,30.552083035952396,22.367675820555892,1.9789410517914454,29.361361641130415,25.121252142344193,31.742804430774378,19.614099498767587,0.17453292519943295,21.21824,-7.949397653846022,-84.65515617683319,-36.08962713112086
29.0,1.3235167589294354,-0.3252316151179629,0.07662130338136956,30.495180323750123,22.70452067609701,1.9981849078277616,29.251693243845196,25.434674496325744,31.73866740365505,19.974366855868276,0.17453292519943295,21.21824,-9.367753514806418,-158.4253280784981,-55.90176169200516
29.25,1.3200565652503753,-0.3245749322745706,0.07628698089956944,30.432024532798017,23.039342190754844,2.0173455436562477,29.13645742428227,25.7451703204283,31.72759164131377,20.33351406108139,0.17453292519943295,21.21824,-5.695744740011438,-143.50257683627535,-100.68023306427762
29.5,1.3166454663122948,-0.3239054987455197,0.07596416872108783,30.36269383515827,23.37204172112758,2.0364240933429656,29.015742362161866,26.05266137515544,31.709645308154677,20.69142206709972,0.17453292519943295,21.21824,-10.146773550140587,-109.4957770340738,-85.54629459032586
29.75,1.3132871448183854,-0.3232061185291366,0.07563401676532927,30.28726042462253,23.70252124565033,2.0554162555651256,28.88964416575789,26.357077478425133,31.68487668348717,21.047965012875533,0.17453292519943295,21.21824,-5.271364828749336,-84.49655913485569,-60.62401291723407
30.0,1.3099782738304944,-0.32248825523055136,0.07530742244927388,30.20580316911031,24.030685586724545,2.0743259166058676,28.75824301220464,26.658340357073815,31.653363326015977,21.403030816375274,0.17453292519943295,21.21824,-16.629169629587903,-107.53305469132108,-84.83143413594503
30.25,1.3067119433960153,-0.3217469921004162,0.07499725549121196,30.1183968782727,24.356439416184138,2.093158323567619,28.62161127031471,26.956368808266905,31.61518248623069,21.75651002410137,0.17453292519943295,21.21824,-7.046665215727352,-89.18256177121822,-133.57268222680864
30.5,1.3034926638884161,-0.32099106084307244,0.07468476289308215,30.02512126798291,24.679692078045722,2.111909700725875,28.479849398142363,27.251099250836432,31.57039313782346,22.10828490525501,0.17453292519943295,21.21824,-17.720140617231927,-86.82211880896797,-150.00000147747173
30.75,1.3003131864802018,-0.3202126656723366,0.07438073898613211,29.926052186908976,25.00035069719805,2.130583362563023,28.333034934380926,27.542455343578286,31.519069439437025,22.458246050817813,0.17453292519943295,21.21824,-2.4088602087696422,-157.01685287674786,-112.8704346211102
31.0,1.2975690409450071,-0.31644106723633647,0.07443781178515156,29.820825008433292,25.318136109835326,2.1492408110780308,28.180658577900722,27.830078402196765,31.460991438965863,22.806193817473886,0.17453292519943295,21.21824,-4.196409806496222,-63.6002100776646,-95.62708432381295
31.25,1.29408155613974,-0.31855915043889615,0.07379485217121637,29.710845316736524,25.633529279204577,2.1677066870866497,28.024575938447796,28.114757923212743,31.39711469502525,23.15230063519641,0.17453292519943295,21.21824,-9.404312769124369,-84.94775566880622,-23.048090161978568
31.5,1.2910214951562762,-0.31771114688238733,0.07350728124337308,29.594871530190268,25.945878847334114,2.186156593198644,27.863113307582793,28.39557545271843,31.32662975279774,23.496182241949803,0.17453292519943295,21.21824,-27.03427705263991,-106.84786788631533,-128.20053251982128
31.75,1.288000236072119,-0.3168318547720193,0.0732292094738401,29.473419444328083,26.255286555057168,2.2045359157308204,27.696932477790053,28.672742667941225,31.249906410866117,23.837830442173107,0.17453292519943295,21.21824,-12.584783755020254,-91.11793239264513,-79.50327232284799
32.0,1.285015294127649,-0.3159207378985648,0.07295952018045469,29.34657058961465,26.561670356872597,2.222846054950834,27.526119923635914,28.94619533529877,31.167021255593383,24.177145378446422,0.17453292519943295,21.21824,-30.89571153196769,-122.31729968388953,-143.8368630295286
32.25,1.2820650836080496,-0.31499068821718734,0.07269674545640518,29.214408340719157,26.86495064728474,2.2410880120507892,27.350764571200127,29.215872147533748,31.078052110238186,24.51402914703573,0.17453292519943295,21.21824,-21.173459760486107,-95.31164530265313,-65.86322024147395
32.5,1.2791663499599208,-0.3140336177098786,0.07244083970382963,29.077009398213875,27.16504930680821,2.2592639654762343,27.170945574850887,29.481710849042397,30.983073221576863,24.848387764574028,0.17453292519943295,21.21824,-30.695936554329737,-52.30542361211682,-146.3100335231703
32.75,1.2762667483291736,-0.313054326572592,0.07219264390513205,28.934462697642267,27.46188293666643,2.2773755036375882,26.986755476656356,29.743644664219886,30.88216991862818,25.18012120911297,0.17453292519943295,21.21824,-22.422752091719587,-91.48960341177515,-36.19446266745161
33.0,1.2734214943217455,-0.31205590105972214,0.07195191218431721,28.7868434352772,27.755383304449552,2.2954248673594515,26.79827135603735,30.001620399163222,30.775415514517046,25.50914620973588,0.17453292519943295,21.21824,-25.32420952043293,-119.89798176710148,-121.5156101349696
33.25,1.2706053125622958,-0.31101919249655596,0.07171629227118512,28.634233518380366,28.045468847020203,2.313412776650922,26.60558021631333,30.255574224601226,30.662886820447397,25.835363469439184,0.17453292519943295,21.21824,-20.07626388876731,-82.08943584930707,-129.0060274410639
33.5,1.2678223242246855,-0.30996011022658115,0.07149449836394076,28.47671629361042,28.332070544828866,2.3313442297615454,26.408760849155403,30.50544586440646,30.544671738065432,26.15869522525127,0.17453292519943295,21.21824,-28.351641281603385,-127.94733122789665,-135.08237273259667
33.75,1.2650736457758949,-0.3088867778584096,0.07127794083774076,28.314376769813183,28.615118768897688,2.349218089294698,26.20790710965735,30.751186551259234,30.42084642996902,26.479050986536144,0.17453292519943295,21.21824,-29.506219550184163,-92.50837690787087,-104.94959829238549
34.0,1.2623595583213536,-0.3077779182145791,0.0710687729687277,28.14729198609993,28.89453977076491,2.3670374237634646,26.00309545743253,30.99273452970672,30.29148851476733,26.7963450118231,0.17453292519943295,21.21824,-12.62031601679935,-90.36442702385764,-109.20426199536509
34.25,1.2596737644790632,-0.3066528190732925,0.07086674896860996,27.975550491895575,29.170268625068537,2.3848039076161336,25.794416777705816,31.23003941834259,30.156684206085334,27.110497831794483,0.17453292519943295,21.21824,-17.742414647695224,-39.584150766293696,-150.0000006167244
34.5,1.2570185784027468,-0.3055070701526399,0.07067624853547706,27.799233119932893,29.44223689844984,2.4025208220094503,25.58195084005989,31.463043492699093,30.01651539980589,27.421430304200587,0.17453292519943295,21.21824,-19.754419328774667,-84.40031582692082,-70.61762959456216
34.75,1.2543676064782792,-0.3042861375537707,0.07060689268772191,27.618418070181434,29.71037133967958,2.4202064503248337,25.365745172394817,31.69164992069176,29.871090967968055,27.7290927586674,0.17453292519943295,21.21824,-32.93047997962248,-88.91349300739842,-71.59061639823224
35.0,1.2518100879312302,-0.3031393089099286,0.07031582344599065,27.433197598040653,29.97463450616831,2.4378106206164336,25.145996786541886,31.91595170020935,29.720398409539424,28.033317312127267,0.17453292519943295,21.21824,-46.578080342628624,-164.65712863359238,-150.000001069085
35.25,1.2492590356184867,-0.30191994366130576,0.07014729097657142,27.243645558820763,30.23493783427225,2.455388257348914,24.92267606900632,32.13575361370762,29.564615048635208,28.33412205483688,0.17453292519943295,21.21824,-29.40795432659636,-73.42841532246942,-93.90702389403219
35.5,1.2467297187426076,-0.3004310141658274,0.07017259505709594,27.049817154271974,30.491191400069557,2.4729533164250217,24.695819476505076,32.350948086592844,29.403814832038872,28.631434713546277,0.17453292519943295,21.21824,-42.42367685906188,-131.2857178041504,-141.0744360877044
35.75,1.2442536455898885,-0.2994117064269083,0.06983691018472872,26.8518930209664,30.743448172486676,2.490421062928126,24.465770356143413,32.561804196046985,29.238015685789385,28.92509214892637,0.17453292519943295,21.21824,-29.14354102345992,-48.68891044846294,-49.43160647282092
36.0,1.2417917667663607,-0.29813299010323846,0.06970617037783615,26.64985757667172,30.991537023534814,2.5078822757515384,24.232349571683468,32.76795337276926,29.067365581659974,29.215120674300362,0.17453292519943295,21.21824,-20.086086088495858,-56.18590549650732,-80.06869403393421
36.25,1.239362885863391,-0.2968647565230706,0.06956445082843075,26.443836179950498,31.235447129621615,2.525303201645009,23.995749756552176,32.96948082697955,28.89192260334882,29.501413432263686,0.17453292519943295,21.21824,-28.875809098351883,-55.040392130880655,-133.26015117157988
36.5,1.2369738869454028,-0.2955509870550166,0.06944575327369955,26.233897147168022,31.475110948592427,2.542695186410029,23.75602419713185,33.16630746097029,28.711770097204198,29.78391443621457,0.17453292519943295,21.21824,-39.117860481484406,-81.61610651194566,-126.55170020995591
36.75,1.234622749825981,-0.2942208928994751,0.06933781371653487,26.0201292461672,31.710481145789547,2.560056838342603,23.513269245464684,33.358404971965314,28.526989246869718,30.062557319613777,0.17453292519943295,21.21824,-29.691504867897937,-56.40860207260536,-86.74316634301789
37.0,1.232309106697652,-0.29285818542295805,0.06923141374709631,25.802613938374346,31.94150033401582,2.577387458600361,23.267572284027686,33.545733425161664,28.337655592721006,30.337267242869974,0.17453292519943295,21.21824,-27.027218913866957,-97.66633925511312,-133.8822973006052
37.25,1.2300236523683201,-0.2915075904539593,0.06912761423397935,25.58144465240722,32.16812634286789,2.594689483245469,23.01902733806497,33.72826015352614,28.143861966749473,30.60799253220964,0.17453292519943295,21.21824,-23.03953073317056,-40.94916354281819,-84.41280928011744
37.5,1.2277785377157422,-0.29011359905304157,0.06904348111647918,25.3566917778228,32.39029783187451,2.6119704292406256,22.76769781643371,33.905919904784135,27.94568573921189,30.874675758964894,0.17453292519943295,21.21824,-39.49635911397004,-75.51286493459101,-108.13908403800241
37.75,1.2255655364216405,-0.2887504845616015,0.06895900053901532,25.128452233516615,32.607982151673326,2.6292260394169187,22.513692021097693,34.07870613378256,27.74321244593554,31.13725816956409,0.17453292519943295,21.21824,-32.134497725582904,-90.59713734405234,-42.49792113292999
38.0,1.2234032578644267,-0.2873317332151352,0.06888974052826058,24.896791871444364,32.82111408976513,2.6464636549443443,22.25706959921862,34.2465495760347,27.536514143670107,31.39567860349556,0.17453292519943295,21.21824,-34.328089417731704,-74.42054701089738,-115.87778305516993
38.25,1.2212709447623202,-0.28591347667643013,0.06881349338816174,24.66180841162326,33.02965768612497,2.6636780789577106,21.997940413666218,34.40944291921755,27.325676409580304,31.64987245303239,0.17453292519943295,21.21824,-35.329319860178266,-31.710328502666183,-97.97004269400314
38.5,1.2191791700055137,-0.28450400566301237,0.06877204231208824,24.423581006228382,33.23357032711198,2.6808845401195134,21.736367284430813,34.56731783447056,27.110794728025947,31.89982281975339,0.17453292519943295,21.21824,-35.19615806552415,-65.92662249478403,-79.80583189805506
38.75,1.217124671333253,-0.28310077365303604,0.06872257811722983,24.182195263233975,33.43280867843733,2.6980715700149767,21.472456395329317,34.72017625134214,26.89193413113863,32.14544110553252,0.17453292519943295,21.21824,-39.22714110690876,-56.9107208445781,-121.68194972879843
39.0,1.2151140444267376,-0.28163839238070304,0.06867576144761679,23.937724857962852,33.627313611059655,2.7152451256779178,21.20627798132122,34.8679577824823,26.669171734604483,32.386669439637004,0.17453292519943295,21.21824,-34.75831293893832,-44.87531067511543,-90.41918275333063
39.25,1.2131475297111385,-0.2802088654074786,0.06865207210815152,23.69026201860425,33.81706658450169,2.7324130073685007,20.937919474065485,35.0106370757262,26.442604563143014,32.62349609327716,0.17453292519943295,21.21824,-38.82876567486101,-61.452588668096865,-88.15819601190262
39.5,1.211218344026444,-0.2787698455914747,0.06861729689808575,23.439889309906214,34.002016536867494,2.7495668117671164,20.667478427316272,35.14820059629987,26.212300192496155,32.85583247743511,0.17453292519943295,21.21824,-39.159275499701764,-28.650409481432856,-34.22417814479367
39.75,1.2093374804553412,-0.27730826231615474,0.06860163192735542,23.186683596617115,34.18212141101844,2.76671754839873,20.395023516039995,35.28059034299247,25.97834367719424,33.083652479044424,0.17453292519943295,21.21824,-33.2631491880815,-43.96412071296136,-77.1941795529791
40.0,1.2074988686897243,-0.2758693868003039,0.06857987609985589,22.930736209521896,34.3573545382755,2.783859636404223,20.120657156295668,35.40780954189023,25.74081526274812,33.30689953466077,0.17453292519943295,21.21824,-48.42345527517346,-14.618076090634661,-75.98686685222081
40.25,1.2056976291234092,-0.2744171617267588,0.06858202995728306,22.672126133333045,34.52766898820088,2.8010037020528205,19.844451850431696,35.52979580144284,25.499800416234397,33.52554217495893,0.17453292519943295,21.21824,-43.02410669623239,-17.473639311863337,-20.956331624107708
40.5,1.203956396736602,-0.2729869298698362,0.06859223205449216,22.410933856990763,34.69304061431085,2.818146812225626,19.566496342270074,35.64654741808816,25.255371371711448,33.739533810533544,0.17453292519943295,21.21824,-44.311867012757475,-29.444960824088387,-77.79490416259232
40.75,1.2022512514835495,-0.27153585234826033,0.06857628619192764,22.147248959682145,34.85342295550421,2.835280664040249,19.286892508971405,35.75805601640651,25.00760541039288,33.9487898946019,0.17453292519943295,21.21824,-39.71297366018605,-49.04675045763361,-74.1308302256649
41.0,1.2005887767600523,-0.27008949601309473,0.06861306842165969,21.88114933718134,35.00878721272494,2.852430068481864,19.005700336717315,35.86423624446226,24.756598337645368,34.15333818098762,0.17453292519943295,21.21824,-28.896942869334875,-9.863176006750058,-33.31891770947285
41.25,1.1989817337767066,-0.2686349276303681,0.06862150630223877,21.612718819964716,35.15910135024633,2.8695728757011763,18.723028242099208,35.965133833583884,24.502409397830224,34.353068866908785,0.17453292519943295,21.21824,-38.32526141772007,-22.758723595797345,-29.582771328718085
41.5,1.1974141297603067,-0.2672429996278145,0.06863793685829177,21.342048008528707,35.30435073670898,2.886721114400777,18.438960934446396,36.06071403593939,24.24513508261102,34.547987437478575,0.17453292519943295,21.21824,-37.22488550484303,-34.08098053780187,-62.25732108338708
41.75,1.1959071287427756,-0.2657957445676525,0.06866760926438849,21.06920545054113,35.444475851121155,2.9038780089846052,18.153569432189105,36.150922316529815,23.984841468893148,34.73802938571249,0.17453292519943295,21.21824,-36.43704344276399,-28.72305052234216,-40.32328787880645
42.0,1.1944381715074648,-0.26437132037743016,0.06871420644926238,20.794286746861175,35.57946658820987,2.921045780154618,17.86695286859567,36.235756436645076,23.721620625126675,34.92317673977466,0.17453292519943295,21.21824,-38.405769068470775,-62.54247239304551,-34.22194405406185
42.25,1.1930237175488976,-0.2629615232181359,0.06874984168326988,20.517370935952957,35.70929542959548,2.9382177747015916,17.579199397540076,36.31522282694703,23.455542474365842,35.10336803224392,0.17453292519943295,21.21824,-44.9652796292903,-22.61774599419946,-64.80432776219607
42.5,1.1916623128892334,-0.2615494033989938,0.06878397165672807,20.238541046581197,35.833931105419424,2.9553979103371635,17.2903937057544,36.38929338067399,23.186688387407994,35.278568830164865,0.17453292519943295,21.21824,-35.27642884140252,-14.67706318596431,-30.655489693731788
42.75,1.1903547567943444,-0.26018803734910345,0.0688593565923676,19.957882105709018,35.953360292626115,2.9725999348210523,17.000618062436374,36.45792879973565,22.91514614898166,35.44879178551658,0.17453292519943295,21.21824,-29.924279640718446,-19.194751281651033,-37.16137568027686
43.0,1.1890712294260504,-0.2588296486980266,0.06889166296068823,19.675484663816185,36.06754881300745,2.9897997742201614,16.70997997069341,36.521180728845444,22.640989356938956,35.61391689716945,0.17453292519943295,21.21824,-38.76744379302671,-23.961436012407667,-58.12197776634183
43.25,1.1878634988104093,-0.25748224809015385,0.06894866605693396,19.391417958797145,36.17647567448012,3.0070187267219093,16.418542199072363,36.57897998158914,22.364293718521928,35.773971367371104,0.17453292519943295,21.21824,-36.847204980989936,-11.097693135223597,-39.73342067801006
43.5,1.186706243581066,-0.2561412943462836,0.06901448190060959,19.105772444982712,36.280116731188286,3.024253045653785,16.126401634504823,36.63132831082703,22.085143255460604,35.92890515154955,0.17453292519943295,21.21824,-35.62516136954788,-7.141038303392404,-17.53274184557585
43.75,1.1856036653610122,-0.2548540492293499,0.06905490389385932,18.818634409605025,36.378466528735025,3.0414929649652556,15.83365178537069,36.6782643489768,21.803617033839362,36.07866870849324,0.17453292519943295,21.21824,-36.57400982529631,11.171707499322379,-23.87776064665603
44.0,1.184551499757736,-0.25354539216412864,0.06911266234851123,18.530084853076215,36.47148299328391,3.0587523753739787,15.54037273520622,36.71971967925855,21.519796970946206,36.22324630730925,0.17453292519943295,21.21824,-37.22429857411731,-2.6419007442328564,-12.51269249726733
44.25,1.1835525439567662,-0.2523030253761736,0.06918707711039856,18.24020916224471,36.55917243768622,3.0760311501206554,15.246654319245065,36.755716076515505,21.233764005244357,36.36262879885694,0.17453292519943295,21.21824,-38.3077503032326,-4.938370146584177,-19.48652433393903
44.5,1.1826432152654245,-0.2510197730664731,0.06924164665432644,17.949082931658594,36.64149168210102,3.0933191848660506,14.952577744581806,36.78625584832286,20.945588118735387,36.49672751587918,0.17453292519943295,21.21824,-36.64658332713677,-2.193861000153553,-4.70732028365197
44.75,1.1817282733382435,-0.24980952220797806,0.06930703722390988,17.6568098988787,36.71845278751899,3.1106263355027295,14.658248153226905,36.81133689549176,20.655371644530494,36.62556867954622,0.17453292519943295,21.21824,-38.640188776218146,-24.34844216423754,-41.02816547609722
45.0,1.1808782367153425,-0.24859311928396682,0.06935485266548289,17.363460812171358,36.790023713743274,3.127944048067116,14.363740234482542,36.83096825906178,20.363181389860173,36.74907916842477,0.17453292519943295,21.21824,-37.490748093107825,2.3418930830737166,0.06775338136610937
45.25,1.180069212229705,-0.24739431950688515,0.06943762148866632,17.069121788361997,36.85619606595981,3.1452875451795506,14.06914226667449,36.84511141641226,20.069101310049504,36.86728071550735,0.17453292519943295,21.21824,-36.88536245277684,-3.5243186059927707,1.5344108299790715
45.5,1.1793086741949947,-0.24626851285896342,0.06948179905307057,16.773877345108517,36.91697809786759,3.162635276422704,13.774541508564317,36.853854888017985,19.773213181652714,36.9801013077172,0.17453292519943295,21.21824,-35.51949949490707,-4.416924135236209,-7.094086317651234
45.75,1.1785380950119033,-0.24514291601445723,0.06954740795822736,16.477823964879047,36.97233739906901,3.180004780576744,13.480036930007318,36.857129354400996,19.475610999750778,37.08754544373703,0.17453292519943295,21.21824,-40.19758946263837,15.832902937876257,1.4331182086858625
46.0,1.1777903728797774,-0.24402393884898713,0.06962218485552113,16.18105241435761,37.02226889235042,3.1973922972876885,13.185721603025273,36.8549568166259,19.176383225689946,37.189580968074935,0.17453292519943295,21.21824,-39.810670093354126,8.127081868936822,-1.5743657217991713
46.25,1.1770780566915362,-0.2429369415817457,0.06971142844995716,15.883654480647438,37.06677032678691,3.214800562371677,12.891689987754065,36.84734272303525,18.875618973540814,37.28619793053858,0.17453292519943295,21.21824,-36.27077245452467,4.205628847830501,-2.9251577622834146
46.5,1.1763672992931564,-0.24183243496708162,0.06978518255189042,15.585733365470203,37.10582262249611,3.2322208704376525,12.598045145668346,36.83431000537261,18.57342158527206,37.37733523961962,0.17453292519943295,21.21824,-39.23255821487274,11.575167424723723,12.317270112366703
46.75,1.1756848886934503,-0.24074562599524407,0.06985656740545175,15.287374093319896,37.13942617326775,3.2496584254655656,12.304874368954565,36.81585949673663,18.269873817685227,37.462992849798866,0.17453292519943295,21.21824,-37.44669511416582,10.22240292681429,8.42482958718206
47.0,1.1750190685921365,-0.23965662715467556,0.06995100323179303,14.988674684458296,37.167566848866024,3.26712192303625,12.012280059251879,36.79196728144038,17.965069309664713,37.54316641629167,0.17453292519943295,21.21824,-35.797561856475426,2.8935664694703127,5.845228212748271
47.25,1.1743732129058293,-0.23857240356331577,0.07004817950296893,14.689728741263194,37.19024068836378,3.2846065723645252,11.720355957791208,36.762659967591404,17.659101524735178,37.61782140913615,0.17453292519943295,21.21824,-38.933665198413095,17.626945812172128,8.409501321506287
47.5,1.173755627237078,-0.23746148284099164,0.07014858450442062,14.390629379048484,37.20743244821176,3.3021138038321145,11.429197017269052,36.72793441213068,17.352061740827914,37.686930484292844,0.17453292519943295,21.21824,-40.50897047282932,13.64058813649636,2.5699596823533915
47.75,1.173152977982094,-0.236391446667731,0.07023977726874092,14.091473040967653,37.219155606882865,3.3196410651913477,11.13889940789558,36.68782807956296,17.044046674039723,37.75048313420277,0.17453292519943295,21.21824,-37.81258463287085,20.522272833588342,14.424710474581852
48.0,1.172578041424356,-0.23529126707247489,0.0703532656344435,13.792352743046482,37.225383187510054,3.337199041668062,10.84956276863276,36.64229900277288,16.735142717460207,37.808467372247236,0.17453292519943295,21.21824,-33.5454244655173,14.417091187863482,6.327342989772617
48.25,1.1720327276264322,-0.23417367714223647,0.07046709146284369,13.493362654251916,37.226114093117125,3.354782574316328,10.561279746417705,36.59137806799607,16.425445562086125,37.86085011823818,0.17453292519943295,21.21824,-37.39800122575288,12.847275310950142,5.828115830540465
48.5,1.1715150991803456,-0.23306705504603584,0.07056616995467077,13.194597608724381,37.22135337357851,3.3723882905892903,10.274143510261117,36.535096964668746,16.115051707187643,37.90760978248827,0.17453292519943295,21.21824,-37.673127169370645,17.4545973210638,10.851860853549738
48.75,1.1710246101564639,-0.23191516423353095,0.07069178447926097,12.896156440263526,37.2110808478973,3.3900293900606955,9.988262454575919,36.47341387154407,15.804050425951132,37.94874782425054,0.17453292519943295,21.21824,-34.72982361718993,31.94420125182938,31.808355586204826
49.0,1.1705639216076282,-0.2307887145049163,0.07081300800046911,12.598128119858332,37.19531270227717,3.407697951069857,9.703720848554367,36.406385235507294,15.492535391162297,37.98424016904705,0.17453292519943295,21.21824,-33.83691045581123,22.176567278190827,18.203177800657045
49.25,1.1701320806912192,-0.22965447223652152,0.07092999883277923,12.300611394625392,37.17403913177335,3.425395008413672,9.420618321040344,36.334015384429115,15.18060446821044,38.01406287911759,0.17453292519943295,21.21824,-33.04087595108605,36.86807048099209,45.65579553025099
49.5,1.1697461542308665,-0.2284892350642027,0.07106437787770145,12.003699428852487,37.14725222998138,3.4431271230811555,9.139053735312839,36.25629485137967,14.868345122392137,38.038209608583095,0.17453292519943295,21.21824,-40.30618286134897,22.497090275227855,27.16899342549113
49.75,1.1693891179824563,-0.22730098971646995,0.071193684928331,11.707491952275555,37.11495457187655,3.460888991934543,8.859122357809033,36.173258945190945,14.555861546742078,38.05665019856216,0.17453292519943295,21.21824,0.0,0.0,0.0
50.0,1.169070826100699,-0.22611279806514267,0.07133323729969313,11.412080841503007,37.07715360365817,3.4786855803587255,8.580920385745934,36.084918513693395,14.24324129726008,38.06938869362294,0.17453292519943295,21.21824,0.0,0.0,0.0
