time,u,v,r,x,y,ψ,x1,y1,x2,y2,δ,n_p,X_F,Y_F,N_F
0.0,1.17,0.0,0.0,0.0,0.0,0.0,3.0,0.0,-3.0,0.0,0.3490658503988659,18.95,-17.8105514174794,2.3631349131638153,-3.571850379749513
0.25,1.175855507358351,-0.0042901568083288716,0.005304974758007744,0.2925,0.0,0.0,3.2925,0.0,-2.7075,3.6739403974420594e-16,0.3490658503988659,18.95,-16.282472871406817,6.161469676622329,-8.745413454325824
0.5,1.1816832200554148,-0.008936116672844224,0.010152034859470653,0.5864625106326383,-0.001047623352188113,0.0013127066740951836,3.5864599258347916,0.0028904955390702445,-2.4135349045695143,-0.004985742243446596,0.3490658503988659,18.95,-15.747258402306208,6.204533467010364,-11.553271062875666
0.75,1.18746336819616,-0.014107194303055357,0.014702934206645342,0.8818876011614624,-0.002917838681578042,0.0038652090478400896,3.8818651914278886,0.008677759589159529,-2.118089989104964,-0.014513436952314983,0.3490658503988659,18.95,-5.3947473264507,12.246987197210906,-13.949529636699623
1.0,1.1931648115060713,-0.019676535217043153,0.01894899819183636,1.1787657641705673,-0.00532767165178387,0.007554532550484939,4.178680158134619,0.01733571042806582,-1.821148629793484,-0.02799105373163341,0.3490658503988659,18.95,-11.341087939004634,10.879648283697374,-14.300484306669308
1.25,1.1987524559312086,-0.025524534009809606,0.022922068391726516,1.4770843060404744,-0.0080020948638227,0.012301689912163757,4.476857311541073,0.028902044062658738,-1.5226886994601243,-0.04490623379030383,0.3490658503988659,18.95,-22.29871852728877,11.234444746805822,-16.137386038318038
1.5,1.204224327927304,-0.031698453152974176,0.02665896377895929,1.7768322865976058,-0.010718445676370307,0.018040259318362107,4.7763441234028425,0.0433993967166622,-1.222679550207631,-0.06483628806940284,0.3490658503988659,18.95,-13.535195817242275,14.936552547558103,-14.5650930575793
1.75,1.2095460080915816,-0.03811790519571966,0.030186189420732232,2.0779853139072793,-0.013224716223951346,0.024710843833518775,5.07706942180987,0.06090027096751732,-0.921098793995312,-0.08734970341541913,0.3490658503988659,18.95,-18.542606279252766,14.674992842047384,-24.125444080844332
2.0,1.2146694172472905,-0.04474523693475855,0.03353271334905423,2.3805081669479353,-0.015286667593665183,0.03226306064745367,5.378946944755162,0.08148572383068697,-0.617930610859292,-0.11205905901801651,0.3490658503988659,18.95,-9.765005209220856,19.220897951966005,-18.054243738262723
2.25,1.2196206215247993,-0.051567192942784806,0.0367067778613172,2.684381914139152,-0.016679940971900648,0.04064772177192621,5.681903899428504,0.10522964727712655,-0.3131400711502003,-0.13858952922092752,0.3490658503988659,18.95,-15.07212851635152,18.28980388528339,-20.729305991467186
2.5,1.2243309431261313,-0.05855874901751108,0.03974498360398474,2.9895507403794106,-0.017180062634644146,0.0498295306526441,5.985827037778065,0.1322466740861046,-0.006725557019243441,-0.1666067993553928,0.3490658503988659,18.95,-16.46271068154594,22.767574638798123,-15.944821906800886
2.75,1.2288210900790035,-0.06569078067053867,0.042645454748938584,3.295983103719891,-0.016564502397882135,0.05976719900529717,6.290626521418038,0.16263036593617913,0.3013396860217444,-0.19575937073194288,0.3490658503988659,18.95,-13.233897145095108,18.809715551046754,-30.982569783740388
3.0,1.2330690161332423,-0.0729205946536248,0.04542835063777227,3.60362297124393,-0.014610337339914545,0.07043066072080302,6.596185329573881,0.19650700327296558,0.6110606129139781,-0.2257276779527938,0.3490658503988659,18.95,-11.557785209782619,19.347992505067896,-22.827293866952793
3.25,1.2370434214566155,-0.08025081915307324,0.04810282265005903,3.9124064476762745,-0.01110853995551431,0.08178955000174036,6.90237774442215,0.23398663469259245,0.9224351509303987,-0.25620371460362035,0.3490658503988659,18.95,-13.49906646513549,20.506465716573633,-24.093989960254756
3.5,1.2407409509911693,-0.08761425621358648,0.05067999255889498,4.222271081639724,-0.005833954468503129,0.09381771990561026,7.209078115829007,0.2752065061727364,1.2354640474504415,-0.2868744151097419,0.3490658503988659,18.95,-14.082024531748148,10.938883095059028,-22.261739335449267
3.75,1.2441356088758595,-0.09504387159657364,0.0531458000399294,4.533140350729704,0.0014082657447153455,0.10648397480420871,7.516148160474261,0.3202568301181419,1.5501325409851487,-0.3174402986287107,0.3490658503988659,18.95,-13.69274186751648,17.588515108668613,-18.992301713813525
4.0,1.247251316522407,-0.1024848693781138,0.055531953881464896,4.8449416930256275,0.010837429004978043,0.11977175812180745,7.823449493024029,0.36929423999994393,1.8664338930272253,-0.34761938198998704,0.3490658503988659,18.95,-10.99962280916879,16.522730683217784,-10.38623398173393
4.25,1.2500316608577329,-0.10990285356278993,0.0578381830200838,5.157575855594451,0.022660949444830537,0.13365751701843423,8.130819225858279,0.4224407152948228,2.184332485330622,-0.37711881640516143,0.3490658503988659,18.95,-8.415880001957387,15.4564974905465,-15.349955426142254
4.5,1.25250680210711,-0.11731301124299494,0.060048097439291376,5.470959534985004,0.037069635672668515,0.14811416045168488,8.438112942629758,0.47978924840983306,2.5038061273402508,-0.40564997706449596,0.3490658503988659,18.95,-13.859019237322448,25.820265371333395,-16.61459012678368
4.75,1.2546462014572801,-0.12467745297727278,0.06218222271004978,5.784983066650365,0.05426945340918348,0.16312608544410953,8.745156320857566,0.5414801933116985,2.824809812443164,-0.43294128649333175,0.3490658503988659,18.95,-13.040400007086701,7.937333659605153,-24.153389102547806
5.0,1.2564600359048572,-0.13196478484502341,0.0642349626546197,6.099541912374306,0.07445633828972446,0.17867079594203408,9.05178428367722,0.6076213981762043,3.1472995410713933,-0.458708721596755,0.3490658503988659,18.95,-13.16934463493563,22.369486039329285,-13.664486347266683
5.25,1.257920054637278,-0.13917911120769907,0.06620970151123488,6.414513003888021,0.09781330585616795,0.19472890939308377,9.357813489252228,0.678315030968996,3.4712125185238145,-0.48268841925666006,0.3490658503988659,18.95,-6.3302656279567335,17.361602320225277,-19.65986593905864
5.5,1.2590676384142037,-0.14627494865925753,0.06809902522689713,6.7297849626357635,0.12453358696344653,0.21127827118223438,9.663075905058017,0.7536633407532135,3.796494020213511,-0.5045961668263205,0.3490658503988659,18.95,-11.103177280343274,19.615513620358417,-13.625841723152625
5.75,1.2598670078628162,-0.15326689213718686,0.06991074146526227,7.04521957505689,0.15478672669375468,0.22830112698470212,9.967376458854206,0.8337559060208175,4.123062691259574,-0.5241824526333084,0.3490658503988659,18.95,-11.118707479330464,18.59448534786186,-10.240533514525453
6.0,1.260318762273665,-0.16010450775475174,0.07164468467811953,7.360678673526212,0.1887534433377305,0.24577767682158672,10.270523877124793,0.9186855573692139,4.450833469927632,-0.5411786706937524,0.3490658503988659,18.95,-4.5297990993140935,10.720855539787069,-18.102578791558464
6.25,1.2604783541617983,-0.16682540407020754,0.07329351525520117,7.676034511443437,0.2265920174354692,0.2636866693970675,10.57234143722102,1.0085166888027368,4.779727585665856,-0.5553326539317981,0.3490658503988659,18.95,-8.795651139223459,12.215897278750395,-9.611936427338252
6.5,1.2602547597274576,-0.17334175499168658,0.07487099920997088,7.991118900292294,0.26846579113264146,0.2820098147127028,10.872613122336771,1.103325688555468,5.109624678247816,-0.5663941062901848,0.3490658503988659,18.95,-6.27940273054039,11.355545683677143,-10.420702801348945
6.75,1.2597259831636605,-0.17969297695592293,0.0763668355408565,8.305792367820475,0.31452375562985296,0.3007266648560239,11.171156846122356,1.203166769717041,5.440427889518593,-0.5741192584573349,0.3490658503988659,18.95,-8.039288065316507,7.708111258993904,-18.30203730614345
7.0,1.2588863329284963,-0.18587176087609933,0.07778262036797133,8.619896601943093,0.36490259932354535,0.31981686837415574,11.467775629694465,1.3080807602740296,5.772017574191721,-0.5782755616269386,0.3490658503988659,18.95,-9.330936483565651,14.104804564725264,-11.487118781239412
7.25,1.2577364996390041,-0.19183077133454104,0.07911660252855623,8.933263936465124,0.4197432599253526,0.3392600747583593,11.762267425312256,1.4181115587467568,6.1042604476179925,-0.5786250388960511,0.3490658503988659,18.95,-8.628011902502799,15.838932114091023,-9.662096587098034
7.5,1.2562920960083077,-0.19759904529648517,0.0803709247342948,9.245734768228152,0.4791602877401831,0.3590368344277152,12.054441832015028,1.533278226983505,6.437027704441276,-0.5749576515031386,0.3490658503988659,18.95,-8.658240546510488,4.4630456375377605,-12.379622068643455
7.75,1.2545562258291503,-0.20314278851403794,0.08155436340532585,9.557134748614796,0.5432715771503323,0.37912982504670556,12.344095897545147,1.6536082622836448,6.770173599684446,-0.5670651079829803,0.3490658503988659,18.95,-8.23081123283677,4.350022532617367,-6.907806957332688
8.0,1.2525589241808512,-0.20846807020454416,0.08265715390700115,9.86729880579973,0.612178486681609,0.3995165490041061,12.631046258930365,1.7790975135700007,7.103551352669097,-0.554740540206783,0.3490658503988659,18.95,-3.717166890344561,5.536141649559996,-10.7504395516063
8.25,1.2502904192140136,-0.2135719793455982,0.08368577159993658,10.176047750928456,0.6859708374483798,0.42017932644783806,12.915095161121075,1.9097433999440128,7.437000340735838,-0.5378017250472528,0.3490658503988659,18.95,-7.562174337886092,4.895488756910272,-14.658420742405772
8.5,1.2477438501370723,-0.21845410932078882,0.08463571511571008,10.483203664026036,0.7647267835936932,0.4410979626154783,13.196054021094287,2.045524558481735,7.770353306957783,-0.516070991294348,0.3490658503988659,18.95,-6.773789701224242,3.1843445678873503,3.3428429727183966
8.75,1.245002654081236,-0.22308314637411653,0.08552173178397691,10.78859966569265,0.8485273825862876,0.46225666522854386,13.473744789282373,2.1864345786440276,8.10345454210293,-0.4893798134714521,0.3490658503988659,18.95,-3.8649935094332184,7.762478397446214,-7.102455632598013
9.0,1.242035199374628,-0.22749573832881761,0.08633525440281123,11.09205752169291,0.9374221894848188,0.4836356416403608,13.74798812404576,2.332424926215404,8.436126919340062,-0.4575805472457656,0.3490658503988659,18.95,-8.477366255992914,4.351777499090679,-8.295315913816655
9.25,1.2388459999365635,-0.23167893171129295,0.08708180498519882,11.393395987087699,1.0314589170413,0.5052179052498047,14.018603075493939,2.483453318888467,8.768188898681458,-0.4205354848058667,0.3490658503988659,18.95,-4.0111619259375075,-0.9965610798381024,-5.353417193777944
9.5,1.2354742249831314,-0.23563048260337546,0.08776462552923381,11.692446671799345,1.1306788457020645,0.5269871257640825,14.285425453495398,2.6394734101395105,9.099467890103293,-0.37811571873538125,0.3490658503988659,18.95,-8.629772120649159,0.565809909186424,-5.324854487908831
9.75,1.2319103812396037,-0.2393543875355348,0.08837943728450114,11.989030517238639,1.2351040918609801,0.5489251489835787,14.548288038402236,2.800415862840666,9.429772996075043,-0.33020767911870547,0.3490658503988659,18.95,-6.086804295586212,4.045601617185934,3.0572822615186297
10.0,1.228193150703337,-0.24286057702855535,0.08894140227934691,12.282982812626535,1.3447523959914933,0.5710198441716413,14.807033403131408,2.966223523262463,9.758932222121663,-0.2767187312794763,0.3490658503988659,18.95,-4.450907857979038,-1.5807555586040483,-12.508962904635835
10.25,1.2243231148289206,-0.2461482033731959,0.08944666324536678,12.574131675281379,1.4596274831131941,0.5932544098873311,15.061508640772217,3.1368143634418235,10.08675470979054,-0.21755939721543452,0.3490658503988659,18.95,-5.680828268171325,1.4159944906521413,-0.7121793291950586
10.5,1.2203097019787634,-0.24921404344484924,0.08989882783467737,12.8623084431603,1.579725756275118,0.6156151714157498,15.311563535112768,3.3121083625568106,10.413053351207829,-0.1526568500065741,0.3490658503988659,18.95,-4.894308783472434,-0.3908988659713472,0.6865912098727758
10.75,1.2161880270863954,-0.25208935257172405,0.09029690950033825,13.147359665125315,1.7050298363693577,0.6380875043396713,15.557068937094826,3.4920108728059964,10.737650393155802,-0.08195120006728084,0.3490658503988659,18.95,-4.352082457736258,-4.814166737700637,-3.8191975355335357
11.0,1.21194780311398,-0.2547539388159949,0.0906446548584423,13.42911757348601,1.8355172608630506,0.6606590133171308,15.797881596915918,3.676429263459634,11.060353550056105,-0.005394741733532094,0.3490658503988659,18.95,-4.097323487989327,-3.2987654756593643,-4.686141568914227
11.25,1.2076161725644894,-0.2572221725502049,0.09095356264769916,13.707431711650248,1.9711565346735975,0.6833199972267318,16.033874250077336,3.8652698141257376,11.380989173223162,0.07704325522145866,0.3490658503988659,18.95,-3.60749663547243,-4.5393061701780475,2.6466671291172132
11.5,1.2031949472817784,-0.2595027024121163,0.09121912820788011,13.982149479542034,2.1119026972038406,0.7060572875906354,16.2649273837732,4.058418826074611,11.699371575310867,0.16538656833307028,0.3490658503988659,18.95,-7.074239598902566,1.2578823620118755,-5.049583228288766
11.75,1.198707653820289,-0.2616052092380075,0.09144065612239839,14.25312832600451,2.2577076354920838,0.7288593314177964,16.490932109920276,4.255765248448298,12.015324542088743,0.2596500225358693,0.3490658503988659,18.95,-3.7990535877749174,-0.19620268129220242,-2.8077868042958376
12.0,1.1941559262792725,-0.2635429634220632,0.09163108454671509,14.520225810043025,2.4085113327190113,0.7517191426496849,16.71177367189844,4.457198221727912,12.32867794818761,0.3598244437101108,0.3490658503988659,18.95,-3.459196614271558,1.580773122588899,7.39776896320874
12.25,1.1895528188604692,-0.2653062059367508,0.09178367769681532,14.783303408296094,2.5642524463475107,0.774624937405741,16.927353671678432,4.6625966669433145,12.639253144913758,0.465908225751707,0.3490658503988659,18.95,-2.3484203919755697,-2.4045285598424075,-2.087516496145977
12.5,1.1849090858929925,-0.2669217147506022,0.09190260157822124,15.042233157479105,2.7248560044919143,0.7975685759576094,17.137579692697095,4.871835952546901,12.946886622261113,0.577876056436929,0.3490658503988659,18.95,-3.567162171232306,1.006209398770911,5.191905797711737
12.75,1.1802352866707155,-0.2683825096012201,0.09199926710996396,15.296886877924427,2.8902479220505524,0.8205447975509046,17.342355216744867,5.08480010299389,13.251418539103987,0.695695741107215,0.3490658503988659,18.95,-2.534610490260957,-0.6589224806945471,3.255116567142345
13.0,1.1755346290041768,-0.26969203282278204,0.09205930364414965,15.54714189864595,3.06034289851978,0.843541553019275,17.54160625587684,5.301349798943658,13.552677541415061,0.8193359980959025,0.3490658503988659,18.95,-3.6585499720580508,-0.13515636519321272,3.552751009744181
13.25,1.1708274839437856,-0.2708739445951027,0.09210340094771603,15.792886920271116,3.235052715681704,0.8665572809288133,17.735249191802357,5.521366081371541,13.850524648739873,0.948739349991868,0.3490658503988659,18.95,-1.8003998431127262,-3.127868739562236,7.953337063501884
13.5,1.1661135510310199,-0.27193475348216484,0.09212498825642759,16.034010820440095,3.4142815303742626,0.8895834408564072,17.923217825333392,5.744710008715337,14.1448038155468,1.0838530520331888,0.3490658503988659,18.95,-4.06068278912219,-3.608156948705604,3.392268449508562
13.75,1.1613982675329475,-0.27287758102713877,0.09212252108715419,16.270406823624523,3.5979309346917323,0.9126132848638905,18.10544819747894,5.971245738134905,14.435365449770106,1.2246161312485615,0.3490658503988659,18.95,-4.052188648448712,2.319056580848182,6.425456883177963
14.0,1.156687898113326,-0.27369997052720546,0.09209908040994426,16.501973639968423,3.785900275951809,0.9356422513034706,18.281878287363867,6.200841154354584,14.722068992572977,1.370959397549034,0.3490658503988659,18.95,-3.541302509438182,-5.251829974646345,1.1792007404134979
14.25,1.1519877151695979,-0.2744117226627289,0.09205939295177816,16.728616258325435,3.9780815225384285,0.9586661558634412,18.452452706622665,6.433359083125482,15.004779810028204,1.5228039619513762,0.3490658503988659,18.95,-3.609316105097062,-5.418232202691673,4.795236113273074
14.5,1.1473082984906517,-0.2750357779229858,0.09200886513176935,16.95024960518376,4.174365012655587,0.9816819162655837,18.61712440275738,6.668664194633157,15.28337480761014,1.6800658306780152,0.3490658503988659,18.95,-3.11287047247256,-3.002433151786258,4.590062016525139
14.75,1.1426551442740644,-0.27555844242823585,0.0919413598289935,17.166784534022824,4.374640295006063,1.0046833300036988,18.775851059801816,6.906616779023869,15.557718008243835,1.842663810988258,0.3490658503988659,18.95,-0.8338479013686204,-1.8532140672391806,9.550746459686469
15.0,1.138027438599315,-0.27599893598461644,0.09185970009414078,17.3781443116226,4.578788407665057,1.027667676091934,18.928595137165544,7.147076210379774,15.827693486079651,2.0105006049503387,0.3490658503988659,18.95,-2.1295664607035945,-2.8228887674744167,5.444408931711176
15.25,1.1334343357113583,-0.2763596973851289,0.0917657141425399,17.58425315599908,4.786693452720156,1.0506314353809865,19.075322837058366,7.389905162555865,16.093183474939792,2.1834817428844464,0.3490658503988659,18.95,-3.6146769286810354,-3.916766662491892,3.762946907316196
15.5,1.128869362460804,-0.2766391035117453,0.09166467751243244,17.78503807037168,4.998234099943722,1.073573307850892,19.215998059412193,7.634965696023502,16.35407808133116,2.3615025038639414,0.3490658503988659,18.95,-1.9745375186025986,-0.8285929738772262,8.452074208920557
15.75,1.1243505994472125,-0.27686561752864175,0.091553104250589,17.980440953694444,5.2132886276565795,1.0964891721140904,19.35060753917316,7.882116746520537,16.61027436821573,2.5444605087926218,0.3490658503988659,18.95,-2.402175044938794,-1.7226865474160487,-3.45261906753198
16.0,1.1198647346991044,-0.27701619284911155,0.09143333761678689,18.170393368055937,5.431733147875886,1.1193772833687694,19.47912197590213,8.131220030786622,16.86166476020974,2.7322462649651493,0.3490658503988659,18.95,-1.6680538067875068,-2.1014906731843914,-0.12000348118019145
16.25,1.1154183263833963,-0.27711288875523105,0.09130133716619894,18.354841716919754,5.653443036857234,1.142235020494577,19.601529661385904,8.382136711333489,17.1081537724536,2.9247493623809797,0.3490658503988659,18.95,-2.527954264516813,0.30533003907142575,0.1826784653938677
16.5,1.1110384460536638,-0.2771361731089825,0.09117626143566754,18.533733031248325,5.8782959226937,1.165063288162731,19.71781020728539,8.634735880535716,17.34965585521126,3.121855964851685,0.3490658503988659,18.95,-2.2346360850017617,-1.504203600016608,3.110888434883225
16.75,1.1066959163065841,-0.27711578222468985,0.09103649477341512,18.707020499537443,6.106159213189575,1.1878566444154761,19.827967025087634,8.888869921628048,17.58607397398725,3.323448504751101,0.3490658503988659,18.95,-2.1418362667547934,-0.9305822110423063,3.4247076491239037
17.0,1.102409155268577,-0.27705988737670667,0.09089507782423638,18.874663157967472,6.336907462734043,1.2106163006202877,19.931991298439513,9.144407632523235,17.817335017495427,3.5294072929448514,0.3490658503988659,18.95,-1.8193637738032178,0.5717496552579682,3.2142380295801183
17.25,1.0981735374916213,-0.27695291614855194,0.0907470495876447,19.036616745480227,6.570413135634009,1.2333395575733945,20.029881866109413,9.401212386753997,18.04335162485104,3.73961388451402,0.3490658503988659,18.95,-2.6700787691150705,-4.1956859254789345,6.336070200810825
17.5,1.0939954932228206,-0.2768083879526693,0.0905960177690014,19.192848264595355,6.806548242832642,1.256026317594747,20.121641630442962,9.65915106894742,18.264054898747748,3.9539454167178634,0.3490658503988659,18.95,-2.282967744305841,-2.3452172387817867,2.9285497311472253
17.75,1.0898754606792975,-0.27662963626294873,0.0904431868649858,19.343325218813582,7.045184165966472,1.2786756036294693,20.207276470422855,9.918090052841775,18.47937396720431,4.172278279091168,0.3490658503988659,18.95,-3.9754163540425718,-2.3340582962022003,5.028520257912155
18.0,1.0858127001404136,-0.2764108994596435,0.09028759473730315,19.4880181870865,7.286194020566013,1.301286649100746,20.286794725915406,10.177898715208347,18.689241648257592,4.394489325923679,0.3490658503988659,18.95,-5.007293159214853,-3.759495040148262,-0.8287348493509047
18.25,1.0818151351390914,-0.27617277368322446,0.09013071680581299,19.62690493866468,7.529448750816657,1.3238586330004312,20.360212030651116,10.438445263162878,18.893597846678247,4.620452238470435,0.3490658503988659,18.95,-2.121413966874225,-4.185915979493708,6.394235025275871
18.5,1.0778763978370438,-0.27590244137711734,0.0899700019197917,19.759961822593706,7.774821587419427,1.3463907344816348,20.42754251551855,10.69960124039058,19.09238112966887,4.850041934448275,0.3490658503988659,18.95,-1.9451414499537343,-7.080951156230035,-2.015086148687265
18.75,1.0739763839594985,-0.2756193387225667,0.08981293690902765,19.88717243154876,8.02218170087816,1.3688837721601839,20.488802623074942,10.961236159823105,19.28554224002258,5.083127241933215,0.3490658503988659,18.95,-0.41789049051223975,-0.9385959627441306,-3.6266891604773845
19.0,1.0701851451221267,-0.2752868166765234,0.0896478107536803,20.008518088738203,8.271412459089063,1.39133559796607,20.544015055375144,11.223232744730222,19.47302112210126,5.319592173447904,0.3490658503988659,18.95,-2.6272589202831034,-5.404207078039562,3.7491091463410045
19.25,1.0664320737657167,-0.2749508609378729,0.08948577764986727,20.123991326735055,8.522376868934794,1.4137476651623815,20.593202952404706,11.48545642411661,19.654779701065404,5.559297313752977,0.3490658503988659,18.95,-0.6424753157966434,-4.739891679485983,1.5198560630834346
19.5,1.062741573279875,-0.2745932880790792,0.08932537151623614,20.233580315737033,8.774953046005333,1.4361198369762884,20.63638952763856,11.747787508064611,19.83077110383551,5.802118583946056,0.3490658503988659,18.95,-1.8464376450920106,-3.316359474638613,-2.607676495940731
19.75,1.0591122013919705,-0.27422407893694095,0.08916315266009646,20.33728077744081,9.029014858168985,1.4584510307805214,20.67360813162764,12.010102564162501,20.000953423253986,6.047927152175467,0.3490658503988659,18.95,-2.2403216340707517,-1.0633992770075018,1.3917596635001803
20.0,1.0555447793949666,-0.2738343641977624,0.08900138667148935,20.43508697696117,9.284438130325483,1.4807417897471955,20.7048855731193,12.272281619786378,20.165288380803034,6.296594640864589,0.3490658503988659,18.95,-1.83228596013539,-1.9996790907604303,-1.5671076261339583
20.25,1.0520376849988586,-0.2734383940742895,0.08884079244934402,20.527000692557944,9.541098044269056,1.502992451707022,20.73025649404756,12.534204637619986,20.323744891068333,6.547991450918126,0.3490658503988659,18.95,-1.376613987940825,-7.251082738854879,4.235189932257615
20.5,1.0485921984499087,-0.2730247532215789,0.08868159715239278,20.613020739608924,9.798871779813581,1.525203098377888,20.749753041494895,12.795754206208075,20.476288437722953,6.801989353419088,0.3490658503988659,18.95,-1.9096073640094686,-8.312391253036077,4.3956531667593906
20.75,1.0452060683280795,-0.27260572119025955,0.08852223576638574,20.69315415002459,10.057636162905665,1.5473734303698237,20.763416414199924,13.056813252414978,20.622891885849256,7.058459073396351,0.3490658503988659,18.95,-0.6895306774819254,-3.844932089860531,-0.6462088876251442
21.0,1.041879136518888,-0.27217835105667404,0.08836391410857664,20.76740670027862,10.317269465343834,1.569504005117841,20.771283664230637,13.31726696020121,20.763529736326607,7.317271970486462,0.3490658503988659,18.95,-2.50533281492897,-1.6073223433309176,4.347968839375323
21.25,1.0386114858654927,-0.2717403082051061,0.08820726690624121,20.83578677362314,10.577650925747955,1.5915952351810223,20.773394547115082,13.577002057254797,20.898179000131204,7.578299794241114,0.3490658503988659,18.95,-3.0476048510872746,0.563021661695331,0.8915593053379832
21.5,1.035402594493085,-0.2713004776746055,0.08805173576886163,20.898307408942006,10.838660452179825,1.6136471804077483,20.769794185767314,13.835906580122817,21.026820632116706,7.841414324236834,0.3490658503988659,18.95,-2.7734060928147573,0.7988333096642802,2.7400304441226035
21.75,1.032251727663483,-0.27085174353607566,0.08789879151870338,20.954980800322364,11.100179015646098,1.6356606332547416,20.760524306576137,14.093870160710987,21.14943729406859,8.106487870581208,0.3490658503988659,18.95,-3.084820340808334,-0.2905429312321846,6.309439238593907
22.0,1.029157776424247,-0.27039994251995264,0.08774565189304537,21.005823827340944,11.362088026180498,1.6576351614433342,20.745634625059168,14.350783657892766,21.26601302962272,8.373392394468231,0.3490658503988659,18.95,-0.34006217449569426,-7.734684368996422,2.3126311143212037
22.25,1.026121074231399,-0.2699447918853272,0.08759456261509468,21.050854305208112,11.62427093985672,1.6795717078685388,20.72517130108279,14.606540307439735,21.37653730933344,8.642001572273704,0.3490658503988659,18.95,-1.7719722977139596,-4.0820592049748665,0.820548427954361
22.5,1.023140508784045,-0.2694867460040107,0.08744581089869834,21.090092285218084,11.886611432017249,1.7014707413470165,20.699183774642943,14.861034155229259,21.48100079579322,8.91218870880524,0.3490658503988659,18.95,-0.537430214118917,-5.567778874229315,1.834624153860815
22.75,1.0202129760479168,-0.26902767210210615,0.08729939418873853,21.12356011690255,12.148994031168586,1.7233327011997992,20.667723488631697,15.11416063160217,21.5793967451734,9.183827430735004,0.3490658503988659,18.95,-1.197899461184808,-5.185388869527397,3.037243666945635
23.0,1.017341456572523,-0.26856504857657765,0.087153646630499,21.151281719145693,12.411305247112464,1.745157562903434,20.630844436063853,15.365817903097946,21.671719002227533,9.45679259112698,0.3490658503988659,18.95,-0.9937822893053385,-1.8015433810926542,1.2885676435187496
23.25,1.014521234428311,-0.2681039324429723,0.0870106771893299,21.173283337237095,12.673431417567555,1.7669463488334045,20.58859943817239,15.615903972780023,21.757967236301795,9.730958862355084,0.3490658503988659,18.95,-0.8808141344814019,-4.584168319480554,2.370003085271883
23.5,1.0117563524424618,-0.267642573145914,0.08686902342735137,21.189593021759993,12.935261717234285,1.7886991400627628,20.541045505287812,15.86432063075546,21.83814053823217,10.006202803713112,0.3490658503988659,18.95,0.2675712333433958,-8.535925759632978,-1.1794742548253645
23.75,1.0090431359312406,-0.267182824004132,0.0867298748492255,21.200240631023128,13.19668464587725,1.8104167811291987,20.488238804433365,16.110969017542587,21.91224245761289,10.282400274211911,0.3490658503988659,18.95,-2.788594458092811,-2.831064552576999,3.5912316285980603
24.0,1.006379552506433,-0.26672084261206275,0.08659214383954937,21.20525696285618,13.457590088086814,1.8320994858089432,20.430237883686004,16.355752510540448,21.980276042026357,10.559427665633176,0.3490658503988659,18.95,-0.4021739855101576,-2.1853951800423683,1.7903241772476304
24.25,1.003764355597079,-0.2662571440107326,0.08645744334635018,21.20467578470439,13.71786973123199,1.8537479661247251,20.36710239576474,16.598576383798367,22.042249173644038,10.837163078665613,0.3490658503988659,18.95,-3.7157461071570106,-4.129510100397848,-1.5775881720493994
24.5,1.0012005204258032,-0.2657993385383719,0.08632493095162377,21.198533068326586,13.97741685508178,1.8753628189922127,20.29889412760016,16.839347982193093,22.098172009053016,11.115485727970464,0.3490658503988659,18.95,-2.39327741249258,-7.4935671597226685,1.3252508795861455
24.75,0.9986844279465933,-0.2653412271819889,0.08619462648332057,21.186864585283114,14.236124462899536,1.896944412944058,20.225674905731566,17.077974986752626,22.148054264834663,11.394273939046448,0.3490658503988659,18.95,-2.0285943563341333,-3.3618094526361637,-0.7281786212321313
25.0,0.9962161024993335,-0.2648839461992554,0.08606546376322075,21.169708922486286,14.493887462360311,1.9184931454769094,20.147508859855165,17.3143673917264,22.1919089851174,11.67340753299422,0.3490658503988659,18.95,-1.6363795976381224,0.38085732767331076,-2.051586823236335
25.25,0.9937935984586979,-0.2644322222721245,0.0859393483255109,21.147107045420587,14.750601887978856,1.9400098384736364,20.064460878528994,17.548436278595098,22.229753212312175,11.952767497362615,0.3490658503988659,18.95,-1.1893517690436726,-6.126156041712626,0.4937470769938301
25.5,0.9914187910235348,-0.2639810376185565,0.08581514342015582,21.119099520784694,15.006165377639572,1.961494969452373,19.976596011158225,17.780095032567996,22.261603030411166,12.23223572271115,0.3490658503988659,18.95,-3.0232662022584296,-1.5055613971924653,-1.2802018600385134
25.75,0.9890851225119748,-0.26352881550851587,0.0856935461998469,21.085729601719404,15.260475088499279,1.9829490143335478,19.883981569410825,18.009256939946034,22.287477634027983,12.511693237052523,0.3490658503988659,18.95,-3.50843546686277,-1.8336306996350926,1.591627824463082
26.0,0.986799683733702,-0.26308595105614657,0.08557387919036331,21.047043165663464,15.513432519163299,2.0043726624754266,19.78668647700437,18.235839729216984,22.307399854322558,12.791025309109616,0.3490658503988659,18.95,-2.578785676651742,-1.8284722485046705,-0.3180563629847665
26.25,0.9845566524792744,-0.26264167711209857,0.08545674592358452,21.003085228699174,15.76493703080361,2.025766383414518,19.684778978787577,18.45975959109288,22.32139147861077,13.07011447051434,0.3490658503988659,18.95,-2.4258379028621864,-2.1263350588653793,-1.3012004065760412
26.5,0.9823547850540851,-0.2622012473093334,0.0853411364952128,20.95390430611444,16.014890804261896,2.0471306205654365,19.5783304537445,18.680935923286746,22.329478158484374,13.348845685237048,0.3490658503988659,18.95,-1.4137304475672723,-2.2302734287615262,1.2712950822586413
26.75,0.9801939606562339,-0.2617643578858204,0.08522857349018599,20.89954951399641,16.263197381410183,2.068466299665272,19.46741117038537,18.89928914095859,22.331687857607445,13.627105621861775,0.3490658503988659,18.95,-0.23825823503596197,-7.574474468481614,-2.227748433287951
27.0,0.9780778079119815,-0.2613288933784239,0.08511742220570595,20.840070810599002,16.50976151256152,2.0897734855303582,19.35209410016196,19.11474237798011,22.32804752103604,13.904780647142932,0.3490658503988659,18.95,-2.8432945000145664,-0.805432043424388,-2.955477222546943
27.25,0.9759981701581489,-0.260896991492439,0.08501034952961084,20.775521031619583,16.754488319452506,2.1110534982983564,19.232451372979444,19.327217615080833,22.318590690259725,14.181759023824176,0.3490658503988659,18.95,-0.36031353566187324,-2.04160624521276,-3.7309486686816014
27.5,0.9739589989523594,-0.2604710544295286,0.08490434437591533,20.705953872445615,16.99728580345728,2.132306181944777,19.108559399050794,19.536642197579162,22.303348345840437,14.457929409335401,0.3490658503988659,18.95,-0.8303618669847874,-15.67970236586727,-2.20564813074031
27.75,0.971959275118491,-0.26004641291751696,0.08480134669731747,20.631423037298735,17.238061362710607,2.153532442033482,18.98049141490652,19.74294155509218,22.28235465969095,14.733181170329033,0.3490658503988659,18.95,-3.2646667211369804,-2.982034923339158,-1.6462791957821208
28.0,0.9699906973558697,-0.25961289437722146,0.0847000868745819,20.551983807121665,17.476724740804602,2.1747323638806266,18.848323878808408,19.946045061998408,22.255643735434926,15.007404419610795,0.3490658503988659,18.95,-0.8820060522115846,-5.714412851140113,3.603361006042924
28.25,0.968071665504087,-0.259206316269291,0.0845994788709654,20.467697495505337,17.713187136724407,2.1959072962985795,18.712135710964297,20.145881696403244,22.223259280046378,15.280492577045575,0.3490658503988659,18.95,-1.1344284573488896,-2.95849820576866,1.2668712478725206
28.5,0.9661849670164783,-0.25878982628810104,0.0845020114577134,20.37861868176924,17.9473605117019,2.2170571734055478,18.572002173948174,20.342383850558633,22.185235189590305,15.552337172845164,0.3490658503988659,18.95,-1.9507146392591508,-2.2870924440871554,1.063796583410073
28.75,0.9643331920566649,-0.25838016139770553,0.08440789228991599,20.28480946956799,18.179158773009533,2.2381831273940125,18.428002709278072,20.53548401688859,22.141616229857902,15.82283352913048,0.3490658503988659,18.95,-2.1255313414934407,-3.3357271135368203,-2.0744345868148306
29.0,0.9625173572824405,-0.25797355144072726,0.0843153765294433,20.18633020599466,18.408496461823958,2.259285214668942,18.280217155874446,20.725117501217635,22.092443256114876,16.09187542243028,0.3490658503988659,18.95,-1.236524353441582,-2.4651397024869266,2.5081525333658696
29.25,0.9607356537661267,-0.2575685989020101,0.0842247707490778,20.08324343050291,18.635289229292038,2.2803641716716787,18.12872548992038,20.911219724702896,22.037761371085445,16.35935873388118,0.3490658503988659,18.95,-2.9366174165202135,-2.573770832671787,-4.8417633814076915
29.5,0.958984735747591,-0.2571637664454325,0.08413551405696253,19.975613145376705,18.859454427322362,2.30142033399732,17.973609647377295,21.093728804832452,21.977616643376116,16.62518004981227,0.3490658503988659,18.95,-3.141265132220821,-3.3833666308694212,0.8584966748329433
29.75,0.9572731000602415,-0.2567702553502047,0.08405136374557712,19.86350388731989,19.080913155540628,2.3224550837860107,17.81494934010693,21.272584724707418,21.912058434532852,16.889241586373835,0.3490658503988659,18.95,-4.442984261560557,-2.8301233747721777,-3.412572743969223
30.0,0.9555917720367437,-0.256377110459537,0.08396739473093447,19.74698178083642,19.29958336799027,2.3434678638244137,17.6528297495714,21.44772844455068,21.84113381210145,17.15143829142986,0.3490658503988659,18.95,-2.2769878291211345,-1.5760576073130041,-1.352515792669904
30.25,0.9539426690317783,-0.25598714835132186,0.0838862440489306,19.626113783747044,19.515387255291913,2.3644599370676382,17.487332440582104,21.61910167653109,21.764895126911988,17.411672834052734,0.3490658503988659,18.95,-5.01654600881019,-3.0493853119064864,-6.357880533664159
30.5,0.9523279609476658,-0.25560199843087883,0.0838064130105573,19.5009681293127,19.72824830508788,2.385431403811212,17.318542346284282,21.7866500398265,21.683393912341117,17.669846570349257,0.3490658503988659,18.95,-3.5294525622421995,1.1196494591432717,-0.8661312099440854
30.75,0.9507404567112209,-0.2552183711411944,0.08372979794173592,19.37161434449803,19.938089898922307,2.4063832910374163,17.146543320577198,21.950317256482876,21.596685368418864,17.92586254136174,0.3490658503988659,18.95,-2.086353187330696,-1.598919636924832,1.8763911868932115
31.0,0.9491841513213958,-0.25483819442943684,0.08365434350912183,19.238122669233086,20.144838718015116,2.42731548587573,16.971421833203227,22.110053037101338,21.504823505262948,18.179624398928894,0.3490658503988659,18.95,-1.765316270816469,-1.465389365179528,1.4553728827192394
31.25,0.9476576124479381,-0.2544654861777299,0.08358097718713914,19.10056526726059,20.348421788831626,2.4482289269273103,16.793263710994577,22.265805299883194,21.4078668235266,18.431038277780058,0.3490658503988659,18.95,-2.1828991561434328,-2.442102092061598,-1.1731659771186522
31.5,0.9461605539065243,-0.25409492367753966,0.08350971891767396,18.95901361020638,20.548767931258876,2.469124075945078,16.612154629032794,22.417524984084334,21.30587259137996,18.680010878433418,0.3490658503988659,18.95,-2.587063489319843,-1.201484440094983,0.28788741415202485
31.75,0.9446924314076975,-0.25372450505919053,0.08344030162669311,18.813541355511813,20.745806443901774,2.4900014541637727,16.428181898854692,22.565163545335384,21.19890081216893,18.92644934246817,0.3490658503988659,18.95,-2.429260036255587,-0.4855808402000756,1.2078602178204376
32.0,0.9432549421710041,-0.2533600466304764,0.08337290545894589,18.66422314360009,20.939470242088415,2.5108614728292586,16.24143358047291,22.708676485803956,21.087012706727272,19.170263998372874,0.3490658503988659,18.95,-3.090288079418632,-0.4992268940063917,-0.8015166266877318
32.25,0.9418440822234275,-0.2530000034988294,0.08330764087238868,18.51113497690304,21.12969166684032,2.531704736170385,16.051998313422455,22.848018431552315,20.970271640383626,19.41136490212832,0.3490658503988659,18.95,-2.923576219437848,-1.2860378131457837,0.08029249452130632
32.5,0.9404628193249285,-0.25264224079277303,0.0832439717145251,18.354352395266815,21.31640507181148,2.5525315522564256,15.85996435707824,22.983146897932862,20.848740433455394,19.649663245690103,0.3490658503988659,18.95,-2.6358876285217785,-4.706852785191869,-1.4754736042256758
32.75,0.9391092333696412,-0.2522909394510075,0.08318285092549048,18.193953449969403,21.49954730789379,2.5733426802524733,15.665421282108177,23.114020929880613,20.722485617830632,19.88507368590696,0.3490658503988659,18.95,-0.9399171241334336,-5.183822387830111,2.53577874157734
33.0,0.9377775646211233,-0.2519373101302711,0.08312298271543506,18.03001623309569,21.679053510366998,2.594138292895429,15.468459238654749,23.24059946365827,20.59157322753663,20.117507557075726,0.3490658503988659,18.95,-2.599519389734259,-1.3436447804333413,-6.144133470235555
33.25,0.9364695067287734,-0.2515918878787462,0.0830645647995978,17.862620978644188,21.854865263717386,2.6149188619840675,15.269169567368284,23.362847285278324,20.456072389920088,20.346883242156444,0.3490658503988659,18.95,-1.6748203396690424,-3.0201755623501807,-0.09190234269846398
33.5,0.9351973976936466,-0.2512523959512141,0.08301012879216653,17.691845496097468,22.026923533370066,2.635685486881113,15.067639834987155,23.480727044232722,20.31605115720778,20.57312002250741,0.3490658503988659,18.95,-1.7611982169602878,-0.9300692369215814,-0.5864043686487688
33.75,0.9339471305721152,-0.2509139275896153,0.08295461036381631,17.51777218296728,22.195168347132086,2.656437416201838,14.863964486523683,23.594205412508952,20.171579879410878,20.796131281755212,0.3490658503988659,18.95,-2.0279747246508295,-1.220685257966929,0.6868985836331178
34.0,0.9327186861091917,-0.25058116909462524,0.08290138321207186,17.3404829915643,22.35954435107212,2.6771758505580867,14.658234194341798,23.703248704640433,20.022731788786803,21.01583999750381,0.3490658503988659,18.95,-2.9793153497575324,-3.990575721720817,-3.973171951758474
34.25,0.931516656125498,-0.2502500473616871,0.08285042199608167,17.160059641144,22.519996209847577,2.6979012670413134,14.45054005505956,23.80782524066838,19.86957922722843,21.232167179026774,0.3490658503988659,18.95,-3.0010995493460118,-0.10349116734523528,-1.564996298593239
34.5,0.9303424397432416,-0.24992503243838116,0.0828019856988701,16.976585187203664,22.67647189396096,2.718614133733084,14.240974079502058,23.907906775479358,19.712196294905272,21.44503701244257,0.3490658503988659,18.95,-2.4485510567639994,0.7674776491698053,0.15647030034398338
34.75,0.9291896712118141,-0.2496028607577675,0.0827532201256333,16.79014480632602,22.828918456443034,2.7393141034185455,14.029630922636672,24.00346649631128,19.55065869001537,21.65437041657479,0.3490658503988659,18.95,-2.899087518015784,-0.7854111583163457,-3.220329408859719
35.0,0.9280580910290999,-0.24928507473733785,0.08270648926280394,16.60082307722281,22.97728615858773,2.7600022045588117,13.816602483674824,24.094477138887573,19.38504367077079,21.860095178287892,0.3490658503988659,18.95,-2.546067808007692,0.16643647373540477,-1.4412997544844532
35.25,0.9269500856633692,-0.248971379233502,0.0826620032728027,16.408705143231245,23.12152667671362,2.780678847986432,13.601981574835694,24.180914618221806,19.215428711626792,22.06213873520543,0.3490658503988659,18.95,-2.522598512406024,0.029026642181610274,0.01582736822059732
35.5,0.9258674709979278,-0.2486620925535158,0.08261834428827793,16.213876752376304,23.26159367034069,2.8013441863767587,13.385861424916595,24.262757646746646,19.041892079836014,22.260429693934736,0.3490658503988659,18.95,-1.56386427864754,-1.1680577737093878,0.5314615602794139
35.75,0.9248073879204275,-0.248357790710032,0.08257600980094329,16.016425627147555,23.397441493920308,2.8219985249427366,13.168336586797594,24.339985295681657,18.864514667497513,22.45489769215896,0.3490658503988659,18.95,-1.9101277164929042,-0.25023806735048343,-0.45859024029708023
36.0,0.9237703682754141,-0.24804792507253912,0.0825239936622589,15.81643867161247,23.529024617741538,2.8426405029072024,12.949501795887292,24.412581605494548,18.683375547337647,22.645467629988534,0.3490658503988659,18.95,-2.1888819107717583,-0.8667950066194745,1.1994912779419158
36.25,0.9227479633542635,-0.24775742170490603,0.08249586064802941,15.614005287507721,23.656305496476858,2.863276095481468,12.729447372619225,24.48051762672861,18.498563202396216,22.83209336622511,0.3490658503988659,18.95,-2.3068915147877966,0.418257634881217,1.0082019889012863
36.5,0.9217496563983076,-0.24746805492095,0.08245766831315857,15.409213253228657,23.779240725317127,2.8838997272929108,12.508271724602663,24.543791735710208,18.31015478185465,23.014689714924046,0.3490658503988659,18.95,-2.0757146197416843,0.756240093710536,1.644960827644457
36.75,0.920774379147969,-0.24717825717273417,0.08241946334128822,15.20215139998935,23.897791951955863,2.9045137498041367,12.28606685399928,24.602384685900162,18.11823594597942,23.193199218011568,0.3490658503988659,18.95,-2.59771120609423,1.8527278656288886,-2.911135097990828
37.0,0.9198193696220281,-0.24689236904708498,0.08238343127635207,14.992909953674785,24.01192203226287,2.9251185592919837,12.062927437781559,24.656284086204824,17.92289246956801,23.36755997832092,0.3490658503988659,18.95,-2.6014212177151754,0.18052062572933225,-0.040656621257349215
37.25,0.9188845201257511,-0.2466127447587121,0.08234873941419311,14.78157969148465,24.12159679505335,2.94571443507407,11.838948325822077,24.705480898124172,17.724211057147222,23.537712691982527,0.3490658503988659,18.95,-2.692669151436925,1.2381646771317554,-0.2122191002281459
37.5,0.917968983980694,-0.2463378252939875,0.08231448484726017,14.56825134551735,24.226781880695835,2.966301374831653,11.614223996127762,24.749966761076692,17.522278694906937,23.70359700031498,0.3490658503988659,18.95,-2.8439253047690194,1.6226534494063531,-1.8957298790122066
37.75,0.917074713210136,-0.24607081718943652,0.08228238069913622,14.353015836211055,24.32744659930897,2.9868801404536867,11.388848219625167,24.789734757045753,17.317183452796943,23.865158441572188,0.3490658503988659,18.95,-2.0128015540854416,0.42868601241778953,-0.4849083009311992
38.0,0.9162012814960364,-0.24580156137489503,0.08225024728673308,14.135964768870911,24.423558183068987,3.007450407259596,11.162915532870747,24.824779120108467,17.109014004871078,24.022337246029508,0.3490658503988659,18.95,-2.4389981338821296,1.4019811099861659,1.1102021270326967
38.25,0.9153440852111367,-0.24554224949220577,0.08221765522184944,13.917191679363377,24.51509110485346,3.028012323503354,10.93652162254525,24.855099946491553,16.897861736181504,24.175082263215373,0.3490658503988659,18.95,-1.9872165413844178,-2.834407460699894,1.1054522220205716
38.5,0.9145063726166542,-0.24528782023517146,0.08218869754339243,13.696787556735567,24.602017371531527,3.048567155008568,10.70975881360548,24.88069153200342,16.68381629986565,24.32334321105963,0.3490658503988659,18.95,-2.640986800012319,-0.45521215151846045,0.3684052599365666
38.75,0.9136863331691609,-0.24503452176248003,0.08215857368939267,13.474846391080082,24.68431107616115,3.069113933509163,10.4827226895132,24.90155691506651,16.466970092646964,24.467065237255788,0.3490658503988659,18.95,-2.9989611716112115,0.34589563288932995,1.250165715595323
39.0,0.9128856183368234,-0.24478347938465694,0.08212961998061523,13.25146058250497,24.761949610554275,3.089653324242415,10.255506213792142,24.917697549838756,16.2474149512178,24.606201671269794,0.3490658503988659,18.95,-0.9251645855993118,-1.5135922022235646,1.8370361154409922
39.25,0.912096636124523,-0.24454584496305865,0.08210150051284781,13.026725262734729,24.834913578163857,3.1101856765286042,10.028204738428212,24.929119020218423,16.025245787041243,24.740708136109294,0.3490658503988659,18.95,-2.5739555222234003,0.5444430044417773,0.9058565249892249
39.5,0.9113256451683164,-0.24430812454362413,0.08207518512934885,12.800733381526243,24.903180395840927,3.130711096972397,9.80091099218531,24.935824421463757,15.800555770867177,24.870536370218094,0.3490658503988659,18.95,-2.4902416650554198,0.3240883983582538,2.876930032521563
39.75,0.9105719864485127,-0.24407133022390531,0.08204804098797179,12.573579478982856,24.966732520394782,3.151229426207456,9.573718778984526,24.93782265001066,15.573440178981187,24.995642390778904,0.3490658503988659,18.95,-2.140585279840432,1.258934996321982,2.0553604501800082
40.0,0.9098311378409403,-0.2438426888654599,0.08202256780797614,12.34535928894353,25.025554823782752,3.171741381947129,9.34672260440068,24.93512233986822,15.343995973486381,25.115987307697285,0.3490658503988659,18.95,-2.197046637808748,0.4382950140494127,0.305246455695924
40.25,0.9091055239440433,-0.2436097824244101,0.08199857941430343,12.116167434234919,25.07962981390716,3.1922470618458743,9.12001541495845,24.927731567091957,15.11231945351139,25.23152806072236,0.3490658503988659,18.95,-2.4298954897314236,0.7233671476192711,1.2409654727776411
40.5,0.9083965534742525,-0.2433910745940444,0.08197512646847416,11.886098564996137,25.128949271273928,3.212746539295581,8.893689674624882,24.91566769019598,14.878507455367393,25.34223085235187,0.3490658503988659,18.95,-2.4225611980671573,-0.45258420035324864,2.807725424982911
40.75,0.9076986717877561,-0.2431683406994699,0.08195190241097029,11.655248982715978,25.173497565047583,3.2332399763391635,8.667839014448157,24.898940318747762,14.6426589509838,25.4480548113474,0.3490658503988659,18.95,-2.813164738766991,1.4723146984962914,0.8629802470843909
41.0,0.9070142709826386,-0.2429495128631486,0.081930929380943,11.423713702823148,25.21326686491715,3.25372809224156,8.442555481702346,24.87756512133536,14.40487192394395,25.548968608498935,0.3490658503988659,18.95,-1.905548566475733,1.8656202502941799,0.6948937109691449
41.25,0.9063419106836439,-0.242734192977313,0.0819091981362612,11.191588224835428,25.24824969872757,3.2742103783670733,8.217930774035457,24.851561703822487,14.1652456756354,25.644937693632652,0.3490658503988659,18.95,-2.5102358775382467,0.18848113800486285,0.7163702990647913
41.5,0.905691447022078,-0.2425211290239011,0.0818898722534841,10.958966388760896,25.278439439206107,3.2946878345749235,7.994054975779328,24.820945927584457,13.923877801742464,25.73593295082776,0.3490658503988659,18.95,-2.1078377891265836,-0.3114011425777668,0.9046800518839528
41.75,0.9050498006607455,-0.24230810359791716,0.08187089417943919,10.72594613307963,25.30383152464685,3.3151601903639456,7.771021337022673,24.785739399974258,13.680870929136583,25.821923649319437,0.3490658503988659,18.95,-2.6972358072139624,2.3633899014102058,4.835424218015313
42.0,0.9044218031935214,-0.24210326455795833,0.08185276961913399,10.492621453211349,25.32442546295301,3.3356277322098817,7.5489189063734905,24.74596602985446,13.43632400004921,25.902884896051557,0.3490658503988659,18.95,-1.6004868254080655,2.0909918719086202,5.01210573978013
42.25,0.9038073527226723,-0.24189554965815444,0.08183516552512801,10.259088606760042,25.340217705064912,3.356090719105739,7.327838534065433,24.701646635153427,13.190338679454648,25.978788774976397,0.3490658503988659,18.95,-2.2643513850340287,1.7605076032719595,0.1273788534975674
42.5,0.9032461242003577,-0.24169029432131597,0.08182680645309222,10.025436283690155,25.351209300435766,3.3765506161010497,7.107863897866956,24.652802990697715,12.943008669513356,26.04961561017382,0.3490658503988659,18.95,-3.4536798155373067,2.3773311608363232,0.5434681747906903
42.75,0.9026180739469745,-0.24149007054036392,0.08180245583167023,9.791778204749459,25.357407446337177,3.3970037079227127,6.889099622632305,24.599477997827364,12.694456786866612,26.11533689484699,0.3490658503988659,18.95,-2.2581358468257076,2.6393578092233567,-0.6889038925953802
43.0,0.902039520865741,-0.24129058235564926,0.08178814324807686,9.558191836192409,25.358811724745575,3.4174544198487755,6.671619345289471,24.541683059991723,12.444764327095344,26.17594038949943,0.3490658503988659,18.95,-2.471010172037526,0.7579878256415868,1.3468786014855725
43.25,0.9014818594991414,-0.24108883533579942,0.08177246095671488,9.324776818604672,25.3554293462782,3.4379007604309666,6.455513803515397,24.47945574494035,12.194039833693948,26.231402947616047,0.3490658503988659,18.95,-1.5505279942100312,1.2917848764907975,2.270801523289778
43.5,0.9009296613765185,-0.24089327981108372,0.08175900018654253,9.091629229337405,25.34726981503749,3.458343935279573,6.240872193622833,24.412826492345342,11.942386265051978,26.281713137729636,0.3490658503988659,18.95,-2.0362521786258965,4.819907219663544,3.4547623042280593
43.75,0.9003916266293871,-0.24069776762961478,0.08174579951910192,8.858843238064878,25.334341854855996,3.4787835331623187,6.027779988098675,24.341829449547728,11.68990648803108,26.326854260164264,0.3490658503988659,18.95,-3.467334094951197,4.101204704773954,1.0793790644236765
44.0,0.8998685008455026,-0.2405008961051085,0.08173257596126635,8.626512828126295,25.31665622276144,3.4992196511281297,5.816322421824231,24.266499148639717,11.436703234428359,26.366813296883166,0.3490658503988659,18.95,-1.802874292843351,0.10277978491475795,2.556324438279012
44.25,0.8993573572866355,-0.2403120485120511,0.08172076199908863,8.394731591211075,25.2942290269932,3.5196527743113917,5.60658430506699,24.186874200947194,11.18287887735516,26.401583853039202,0.3490658503988659,18.95,-1.4334923567183468,1.7928242334386515,7.039882298067288
44.5,0.8988559232011667,-0.24012125301475462,0.08170863720095436,8.163594585914762,25.267072865183696,3.540082644588758,5.398650679173635,24.10299159973107,10.928538492655887,26.431154130636322,0.3490658503988659,18.95,-2.833974703686683,2.866768072478984,2.1583942119437376
44.75,0.8983682733067797,-0.23993215023319145,0.08169724645759494,7.933193903110293,25.235204931177403,3.560509729965581,5.192603968350577,24.014890705457667,10.67378383787001,26.45551915689714,0.3490658503988659,18.95,-2.5156199722719372,1.751888452587903,0.9716499368486711
45.0,0.8978927386508072,-0.23974455841863834,0.08168711343657473,7.703622752549768,25.198644254199166,3.5809341443715494,4.9885268962553395,23.922613497856332,10.418718608844197,26.474675010541997,0.3490658503988659,18.95,-2.56768046331822,1.9236716500265914,2.773036869662095
45.25,0.8974282046371782,-0.23956089644826392,0.08167641604816,7.474973812858942,25.157411149498007,3.6013557064044477,4.786500818984079,23.82620381733463,10.163446806733806,26.48861848166138,0.3490658503988659,18.95,-2.377739558592888,3.2690984730786594,4.373796593808609
45.5,0.8969781871226572,-0.23937389569326664,0.08166710249326578,7.247338869749759,25.111526539786155,3.6217747308940202,4.586606384041474,23.725704531194623,9.908071355458045,26.497348548377683,0.3490658503988659,18.95,-2.0242104356229493,-0.7159142796194727,3.8443283212261408
45.75,0.8965397731571431,-0.23919242751404285,0.08165664696280123,7.0208092829563995,25.06101585472659,3.6421909991405252,4.388922654932448,23.621164203608075,9.652695910980352,26.500867505845104,0.3490658503988659,18.95,-2.3110454690569817,1.351670812806154,4.996391703121482
46.0,0.89611228570686,-0.2390141609665639,0.0816474388782184,6.795476214438124,25.005904200075545,3.6626049562667125,4.193528988383563,23.51262906373026,9.397423440492684,26.499179336420827,0.3490658503988659,18.95,-1.8639169795885142,2.029970766539736,1.4237060195267688
46.25,0.8956872105190927,-0.2388278839702622,0.08164458819209926,6.571432325938534,24.946217331583274,3.6830176687764955,4.000506848473863,23.400144180234008,9.142357803403206,26.492290482932543,0.3490658503988659,18.95,-2.2415005927118954,1.586850771341584,2.916508009269929
46.5,0.8952941006944186,-0.23865479934619444,0.08162836432048814,6.348761793842361,24.88198582632428,3.703425628898843,3.8099216826308266,23.28377091909077,8.887601905053897,26.480200733557787,0.3490658503988659,18.95,-1.3922777642796216,-0.19425387748128825,4.000554357257189
46.75,0.8948998963963385,-0.23848098715934135,0.08161944107123772,6.1275593022234816,24.813240195106808,3.7238325964506953,3.621860271541562,23.163551628243447,8.6332583329054,26.46292876197017,0.3490658503988659,18.95,-2.1776292824563193,4.5328234289385,3.8441521227304487
47.0,0.894521820661537,-0.23830751279903928,0.08161008739179074,5.907911028910905,24.740011810064008,3.7442372329529303,3.436392562801527,23.039542324398255,8.379429495020284,26.44048129572976,0.3490658503988659,18.95,-1.067212515784357,0.1436877096820079,1.5016220249984873
47.25,0.8941504021121678,-0.23813581257565475,0.08160203060444754,5.6899064526638545,24.66233543075068,3.76463997882289,3.2535942205107578,22.911797596980374,8.126218684816951,26.412873264520986,0.3490658503988659,18.95,-1.1608540274750816,1.4917849518794124,3.996612657502069
47.5,0.893796540333285,-0.23796598211640077,0.08159327241899554,5.473630694205697,24.580246262313082,3.7850401946219288,3.073534275679077,22.780374827522326,7.873727112732317,26.380117697103834,0.3490658503988659,18.95,-1.24966294289404,4.379917361527293,4.0586222101200065
47.75,0.893449738483882,-0.23779752564689266,0.0815844410874626,5.259172320610328,24.49378222417362,3.80543833454476,2.8962866891667542,22.64533111778278,7.622057952053901,26.34223333056446,0.3490658503988659,18.95,-0.5272304261720113,0.6512150619679868,3.819277923814557
48.0,0.8931167837354101,-0.23762987057948143,0.08157610418294245,5.0466155115199545,24.402981554316863,3.825834461450472,2.721919975038068,22.506724540444225,7.37131104800184,26.299238568189512,0.3490658503988659,18.95,-1.3012285288063847,4.4864288603269555,2.7207338682083506
48.25,0.8927920656677323,-0.23747244409058574,0.08156571053037338,4.83604537134247,24.307886722687396,3.8462280878423507,2.5505021150962968,22.36461833570951,7.121588627588643,26.25115510966528,0.3490658503988659,18.95,-0.7301970278258262,3.0283322224510205,4.742944460269526
48.5,0.8924828618098564,-0.23730595393168866,0.08155884718605233,4.627546946233822,24.208536838370268,3.866620178796063,2.3821034400054213,22.219068703330844,6.872990452462222,26.198004973409695,0.3490658503988659,18.95,-0.7947842519979227,3.805516056014422,3.7361244687201407
48.75,0.8921825006609757,-0.23714742662607113,0.08155057820208654,4.421202228258737,24.104978635658878,3.887009949744585,2.216787458186689,22.07014313334212,6.625616998330784,26.139814137975634,0.3490658503988659,18.95,-1.1553641155870702,1.7501796858429068,1.1614455264936459
49.0,0.8918922014440653,-0.2369906370250519,0.08154204100022955,4.2170942675755425,23.99725655569366,3.9073975494304523,2.0546201565633146,21.917904320212166,6.37956837858777,26.07660879117515,0.3490658503988659,18.95,-0.20533708020965857,3.26059179402737,2.821134724192521
49.25,0.8916148811006062,-0.23683626368341595,0.08153302694316539,4.015303611478345,23.885417584696484,3.9277828266725647,1.8956640393307944,21.76241780038469,6.134943183625895,26.00841736900828,0.3490658503988659,18.95,-1.1405167916528327,3.4609970115591175,-1.1161660488333163
49.5,0.8913483455432368,-0.23668383289384623,0.08152385021676847,3.815911263643956,23.76951022433444,3.9481659487535112,1.7399823687108424,21.603749567386306,5.891840158577069,25.935270881282573,0.3490658503988659,18.95,-2.0479162314894053,5.240659834157318,2.8132223956512705
49.75,0.8910917376909382,-0.23653398482975246,0.08151464621391255,3.618996469502491,23.64958512543991,3.9685468874598264,1.5876358914984667,21.441967812106096,5.650357047506516,25.857202438773722,0.3490658503988659,18.95,0.0,0.0,0.0
50.0,0.8908457021257131,-0.23638921229080734,0.08150617980542556,3.4246373827760515,23.52569392706566,3.9889258057565757,1.4386843414559776,21.277140943994603,5.410590424096125,25.774246910136718,0.3490658503988659,18.95,0.0,0.0,0.0
