time,u,v,r,x,y,ψ,x1,y1,x2,y2,δ,n_p,X_F,Y_F,N_F
0.0,1.4,0.0,0.0,0.0,0.0,0.0,3.0,0.0,-3.0,0.0,0.6108652381980153,21.21824,0.6215947812816631,-0.4004739239717971,8.41359628039868
0.25,1.4041661745305158,-0.008065400840430526,0.009973236360179789,0.35,0.0,0.0,3.35,0.0,-2.65,3.6739403974420594e-16,0.6108652381980153,21.21824,-0.8769960258734271,-8.346056057739268,21.809159902524776
0.5,1.4083527046642363,-0.01729545887670592,0.01924720361507062,0.7010404751642585,-0.0020205726301313893,0.002525195919101303,3.7010309102477343,0.005555007076074815,-2.2989499599192174,-0.009596152336337486,0.6108652381980153,21.21824,3.65933659455786,-2.455131788744591,33.38519454152982
0.75,1.412458072670839,-0.027576427660523345,0.027746807707296667,1.0531406438250146,-0.005481473236170591,0.007307320317636938,4.053060548786082,0.016440292623024537,-1.9467792611360526,-0.02740323909536563,0.6108652381980153,21.21824,5.048294530704614,-19.543588221928566,55.59016407007161
1.0,1.4163587386229777,-0.0380190915011345,0.035427591117953794,1.4062979199750631,-0.009679331939090634,0.014174341296625152,4.405996557094814,0.032842268067817634,-1.593400717144688,-0.05220093194599791,0.6108652381980153,21.21824,3.678423743598768,-20.468115065303166,75.99072259366542
1.25,1.420020756664379,-0.05052005171004123,0.04320377832397142,1.7604991109236503,-0.014371714346394036,0.023113568675018955,4.759697791014553,0.05496281778114651,-1.238699569167252,-0.08370624647393386,0.6108652381980153,21.21824,3.1394289531737596,-22.926478881448457,48.8041302797844
1.5,1.4232199133682732,-0.0630710768270631,0.05032033748146024,2.1156813654820312,-0.01876502365515116,0.03388663843939393,5.113959073903975,0.08287543669435689,-0.8825963429399132,-0.12040548400465922,0.6108652381980153,21.21824,7.277718634600321,-34.42514653447439,51.0461188948474
1.75,1.4259655217316827,-0.07624949160074501,0.05704956944318029,2.471810696957994,-0.022455293248653398,0.04642101597941189,5.468578911284508,0.11675774350577954,-0.52495751736852,-0.16166833000308542,0.6108652381980153,21.21824,5.757963026277341,-40.73442435722329,36.65381546311715
2.0,1.4281859108206552,-0.08994696606111167,0.06357160620419412,2.828810339119028,-0.024935508970860047,0.060678746326262474,5.823289168085369,0.1569890437216527,-0.1656684898473131,-0.20686006166337242,0.6108652381980153,21.21824,23.662148886981036,-46.02751560209411,62.20586901248849
2.25,1.4297534580909739,-0.10406189441186432,0.06978268061194291,3.1865562863693193,-0.02571461047451397,0.07654977694327667,6.177770775263042,0.20371050025285625,0.1953417974755966,-0.255139721201884,0.6108652381980153,21.21824,24.07012596288391,-40.76862417978577,97.47769799125979
2.5,1.430643760575786,-0.11854238039875713,0.07580659961269788,3.544943678204877,-0.02431306111748997,0.09399858185111636,6.531699834019278,0.2572675946553058,0.5581875223904764,-0.3058937168902853,0.6108652381980153,21.21824,21.965948259646773,-14.306641041691503,78.84263914211877
2.75,1.43070054942659,-0.13323559621324235,0.08155961176576487,3.903782272332032,-0.020239490845452623,0.1129393314739139,6.884669661982591,0.3178586757012971,0.9228948826814727,-0.35833765739220236,0.6108652381980153,21.21824,9.344636752146204,-2.3824984877752025,41.259390734157705
3.0,1.4299694952363213,-0.14800791944677683,0.08704038655715865,4.262916058748769,-0.013008818032799489,0.13331264991566286,7.236297123090477,0.3857455502369956,1.2895349944070618,-0.41176318630259484,0.6108652381980153,21.21824,13.632598588283175,-46.398892565860265,98.2629923499827
3.25,1.4283124743472733,-0.16284978443979492,0.09225037203430943,4.622122202310054,-0.0021734523070900224,0.1550593289547556,7.586129311786422,0.4611426978253495,1.6581150928336856,-0.4654896024395286,0.6108652381980153,21.21824,15.196857067927633,-95.79836030933666,150.00000146878799
3.5,1.4258097764061235,-0.17762721377874607,0.09728978633826184,4.981203044870728,0.012743091648495403,0.17814977194134102,7.933722807236889,0.5443698901051643,2.028683282504567,-0.5188837068081734,0.6108652381980153,21.21824,32.719752703803394,-68.33204249978043,84.19172779209593
3.75,1.421347680889347,-0.19492138547506338,0.10275079885807463,5.339789300344583,0.03174710468695068,0.2025833299780536,8.278439539423093,0.6353486059804857,2.401139061266072,-0.5718543966065842,0.6108652381980153,21.21824,15.560640676450921,-47.52653903129537,0.38609651106543064
4.0,1.418030198423086,-0.20666095216330346,0.10641115645847032,5.697879181557244,0.0565798668850797,0.22796595235011846,8.620263474456332,0.7345695752263647,2.775494888658157,-0.6214098414562053,0.6108652381980153,21.21824,9.86021483367709,6.918335089996654,-44.72282377685499
4.25,1.4127148541844083,-0.22047307492219392,0.11037115729525014,6.054859890467771,0.08640915989699917,0.25453097247894996,8.958204388327168,0.8417837204637756,3.1515153926083737,-0.6689654006697769,0.6108652381980153,21.21824,41.912344975378275,-51.291986805104386,61.865307722880885
4.5,1.4064916893486672,-0.23370355347964228,0.11412735324911978,6.410511743989868,0.12205107533360368,0.2821492724725798,9.291889510323204,0.9573128113660336,3.5291339776565303,-0.7132106606988265,0.6108652381980153,21.21824,39.02633004539745,-21.885269912832612,-4.5967660811569
4.75,1.3994297701955076,-0.24678528286648543,0.11759426193923977,6.76453230637337,0.16374884189666808,0.3107168657659688,9.620876223706126,1.0809726019008328,3.908188389040616,-0.7534749181074957,0.6108652381980153,21.21824,47.447159895219464,-10.84906915513971,150.0000011415958
5.0,1.3914693413331065,-0.25894795948165883,0.12065995584851816,7.116474341215366,0.21199013228972263,0.34012275075020926,9.944615509120698,1.2127985727013173,4.2883331733100345,-0.7888183081218724,0.6108652381980153,21.21824,53.331751959235575,26.762715202095418,-150.00000149517913
5.25,1.3826272060231304,-0.2707560408008204,0.12358885016359838,7.4660050159486895,0.26695674889531723,0.37033173102620087,10.26262702170078,1.352730830803313,4.669383010196598,-0.8188173330126776,0.6108652381980153,21.21824,63.191231795769994,-40.722134847443726,-27.757186814566353
5.5,1.3726552152780287,-0.2743622264193854,0.1253146424724775,7.812002791167309,0.3303947531278645,0.40106895715419916,10.573935380142666,1.5016028362437033,5.050070202191951,-0.8408133299879738,0.6108652381980153,21.21824,27.840380203513757,-148.4998835545395,9.424452738390151
5.75,1.3631266092479826,-0.29143738383620343,0.12778767141079161,8.15625600046623,0.39830337247631775,0.43258528590457257,10.879910949583937,1.6559614015736237,5.432601051348522,-0.8593546566209873,0.6108652381980153,21.21824,28.83080646603559,-63.996604208043514,150.0000014760306
6.0,1.3523796072534457,-0.30085160445347925,0.12952948696001318,8.496193021331543,0.4749791908338818,0.464544863367795,11.178269721329693,1.819027023065695,5.814116321333393,-0.869068641397931,0.6108652381980153,21.21824,1.0229068808625612,-78.73649546051128,-29.759280065011662
6.25,1.3410933072678632,-0.31135303120191304,0.13090630372101064,8.832262396744923,0.5589297383224638,0.4969443397771145,11.469392669170077,1.9891548696422983,6.19513212431977,-0.8712953929973704,0.6108652381980153,21.21824,27.600360221675736,-96.99272149756108,150.00000149232795
6.5,1.3293820118254074,-0.3169677070711897,0.13211702131585618,9.163688204050734,0.6511301357502775,0.5296847330780055,11.752587420772663,2.16691404042026,6.574788987328803,-0.8646537689197051,0.6108652381980153,21.21824,3.1694653385381697,-48.524528320999295,150.00000148021394
6.75,1.3170854841085156,-0.32864919342021753,0.1308217071596256,9.490822302828045,0.7499388580800266,0.562409815835207,12.028740076569548,2.3496180051989013,6.952904529086542,-0.8497402890388479,0.6108652381980153,21.21824,40.05520481471012,110.08734055763603,15.144487846245928
7.0,1.3049968255369737,-0.3322529656657448,0.13274354690626222,9.812447622449596,0.8575666838855808,0.595852703330884,12.295458372872478,2.541210830754034,7.329436872026714,-0.8260774629828723,0.6108652381980153,21.21824,21.74522350438548,70.54258278280696,-19.966681865632804
7.25,1.2922961900943721,-0.3355290181690721,0.13417058102516752,10.128553823705081,0.9727326166035504,0.6294239573951781,12.553654063842522,2.7387702224561323,7.703453583567637,-0.7933049892490315,0.6108652381980153,21.21824,18.222906642823897,-30.742896796506756,-150.00000145127746
7.5,1.2794738339144425,-0.34041426397074626,0.13443254585581974,10.439105962317493,1.0950774954663227,0.6629652759227556,12.803618063455042,2.941447589346229,8.074593861179942,-0.7512925984135828,0.6108652381980153,21.21824,33.43048616699318,90.18859104467025,-142.06911348487836
7.75,1.2659622977083616,-0.3452577257468217,0.1349029871728688,10.743579992912624,1.2247457325360478,0.696623823412122,13.044618443243136,3.1496410673791018,8.442541542582111,-0.7001496023070058,0.6108652381980153,21.21824,30.96307054728541,-19.32099509470278,31.786904178813483
8.0,1.2535957030037865,-0.3482636027494196,0.13448341049441473,11.041766409424303,1.361922163731422,0.7302071160571787,13.276875210285143,3.362994038581739,8.806657608563464,-0.6391497111188946,0.6108652381980153,21.21824,46.692491642213795,-3.0493145154786636,-13.932431883314269
8.25,1.2406543470533575,-0.3513812908604932,0.13431889647485026,11.333354334430899,1.5061005825584002,0.7638316735109267,13.499927257132851,3.581181730517372,9.166781411728945,-0.5689805654005706,0.6108652381980153,21.21824,75.0000005005376,-200.00000198985032,-150.00000127392988
8.5,1.227653806262771,-0.3539426279777805,0.13403913358203617,11.618086899628942,1.65719156080461,0.7974110514885506,13.713771610724987,3.8038414138729464,9.522402188532896,-0.4894582922637266,0.6108652381980153,21.21824,38.03361894458867,-5.763550191869817,-124.48423934860455
8.75,1.2185040546152979,-0.35167643912904173,0.12844331678266702,11.895569538588552,1.8157434596606654,0.8301519545767604,13.919860399281605,4.029845198812365,9.871278677895498,-0.39835827949103425,0.6108652381980153,21.21824,24.76575994841966,-98.27567032585083,-117.25705985790916
9.0,1.20201911705052,-0.35766876432771466,0.1331742393904386,12.166270965049991,1.979311988744685,0.8643225267828984,14.113737730402255,4.26127894684211,10.218804199697729,-0.3026549693527397,0.6108652381980153,21.21824,20.01390307631181,-63.02811506393444,126.66661313886203
9.25,1.1893271173708768,-0.35896680163942335,0.13266268187986022,12.4293460759134,2.1498465157071207,0.8976267962383949,14.299747707147716,4.495395009743435,10.558944444679087,-0.19570197832919203,0.6108652381980153,21.21824,22.695549031378334,-92.85822711327663,-150.000001490851
9.5,1.176839105016496,-0.3598592955343494,0.1321071562095658,12.684873920145236,2.326384397541628,0.9307997158704647,14.476452089132716,4.732677743002126,10.893295751157758,-0.0799089479188705,0.6108652381980153,21.21824,21.75482593024372,-118.62844552459188,-73.04190637070116
9.75,1.1631720910223073,-0.3585980586995591,0.13217433060261385,12.932345634704026,2.5086813490591924,0.9639127194090256,14.643276646879254,4.972969293187689,11.221414622528798,0.04439340493069693,0.6108652381980153,21.21824,61.56004329323517,-99.86331789979279,150.00000148942698
10.0,1.15232982057962,-0.3607446620716827,0.13081973605103664,13.17278004355797,2.6963780549908005,0.9966917178797351,14.802029545982917,5.215414787324829,11.543530541133023,0.1773413226567707,0.6108652381980153,21.21824,64.96228268489158,100.97029075253155,150.00000148184455
10.25,1.1423292317659064,-0.3620279160562293,0.12794555867027296,13.405302444004699,2.8893898755688587,1.0290690640991782,14.952152580543926,5.4598479388503005,11.858452307465472,0.31893181228741807,0.6108652381980153,21.21824,49.2125751617271,-38.335117459442706,149.20708479238894
10.5,1.1306706919547747,-0.3600410681446667,0.12834153751352628,13.629296579323842,3.087425965967718,1.0617775488160155,15.091258546972602,5.707095259055792,12.167334611675084,0.4677566728796441,0.6108652381980153,21.21824,47.70149652255719,-200.0000008556258,150.00000147327606
10.75,1.1170363520893385,-0.3602938401600638,0.12867793275833891,13.845377557505028,3.2896095700208074,1.094283600670658,15.221427096680259,5.955409199725868,12.469328018329799,0.6238099403157463,0.6108652381980153,21.21824,64.77185751284844,-57.37730214233677,-148.68813311803711
11.0,1.106552438284258,-0.359341135677487,0.12692075877922876,14.053479834335455,3.496597003745768,1.1263134128222632,15.343453120568473,6.2050963891629385,12.76350654810244,0.7880976183285975,0.6108652381980153,21.21824,24.950278127454688,29.594202522773305,15.115856233327936
11.25,1.0945695608553723,-0.3589884247780222,0.12728022567711558,14.253502175316711,3.707399331178343,1.1584826007512827,15.455692851760455,6.45598761927675,13.051311498872968,0.9588110430799353,0.6108652381980153,21.21824,48.40487561658674,-25.952575767572924,-18.755981985661656
11.5,1.0836568660641042,-0.3581537600777715,0.12653727105188672,14.445390901065819,3.922143933284423,1.1902968221294135,15.559543787381603,6.707581662962511,13.331238014750035,1.1367062036063347,0.6108652381980153,21.21824,61.40909689420742,-133.7899847699197,-77.19441161633789
11.75,1.072953417209293,-0.35718294008414103,0.12578778841629207,14.629136600156857,4.140429577106056,1.2219250977914546,15.654648357837942,6.9597070793862015,13.60362484247577,1.3211520748259118,0.6108652381980153,21.21824,48.152191981427784,12.069856085022936,36.742445577434836
12.0,1.062481723837044,-0.3560910265710495,0.12506433676142287,14.804741310179878,4.361996921416058,1.253376270812264,15.741090936781449,7.212128387991434,13.868391683578308,1.511865454840681,0.6108652381980153,21.21824,44.03987696063418,71.57369034178953,85.0426217657633
12.25,1.0522002439701967,-0.35493008551237426,0.12433327960952661,14.972222493611627,4.586563147981059,1.2846413725458758,15.819019380106381,7.464572014024178,14.125425607116874,1.7085542819379422,0.6108652381980153,21.21824,35.12737362603139,-17.027402979180142,-149.44972432460133
12.5,1.0421077948452142,-0.3537179914949633,0.12361287640062843,15.131602562443918,4.81386877582401,1.3157265226703447,15.888541427170903,7.716805832507469,14.374663697716931,1.9109317191405506,0.6108652381980153,21.21824,18.78792915483801,-80.70612987792916,-104.73756215805993
12.75,1.0322259795245854,-0.3524101042817405,0.12292789975122836,15.28289699425696,5.04366940861409,1.3466397653520694,15.949749306066053,7.968615219092454,14.616044682447866,2.118723598135724,0.6108652381980153,21.21824,-31.11998698459184,-200.0000015571756,-150.00000149405645
13.0,1.0225251121956163,-0.3510430911251582,0.12222367543166789,15.426150546613611,5.275696204232193,1.3773680096775434,16.00282374795815,8.219749196087319,14.84947734526907,2.3316432123770663,0.6108652381980153,21.21824,46.31524714569291,-45.899884804577084,150.0000014767052
13.25,1.006037947164118,-0.35552406705460476,0.12270232857469633,15.561989340691708,5.5084509560171036,1.4080904519335238,16.04795614148759,8.468828679978053,15.076022539895828,2.548073232056154,0.6108652381980153,21.21824,30.94918629872662,-12.190138180296051,110.10212013873648
13.5,1.0047985464534739,-0.3485685388287057,0.11968303220199977,15.688839211671159,5.745570156320535,1.4381246288444274,16.085687703726965,8.71920619227938,15.291990719615349,2.7719341203616903,0.6108652381980153,21.21824,56.54968435672345,-84.4871705673715,150.00000148566238
13.75,0.9945050616302599,-0.3467857015780052,0.12015348558426733,15.808179276843257,5.982646664852378,1.468508155259781,16.114508957397803,8.966966038983466,15.501849596288714,2.9983272907212895,0.6108652381980153,21.21824,6.9492807895980135,60.060108473119726,107.19581000431936
14.0,0.9880371405233379,-0.34471407788152647,0.11789127817585525,15.9197787759114,6.221508725222012,1.4983146589055545,16.13703343502413,9.213631786376718,15.702524116798669,3.2293856640673058,0.6108652381980153,21.21824,43.045612561409115,-68.64544177649577,-19.021786818959953
14.25,0.976830395183931,-0.3438521327003878,0.11884867155254165,16.02369541260298,6.460655091536961,1.5284332408897656,16.15074666067459,9.457963547529474,15.896644164531368,3.4633466355444487,0.6108652381980153,21.21824,-61.38832072806275,-138.55851681710732,-150.00000149554165
14.5,0.9683271955650844,-0.34235451811032613,0.11821569219961243,16.119913619881345,6.701010418229793,1.5581514384089958,16.157847274131278,9.700770581622075,16.081979965631408,3.70125025483751,0.6108652381980153,21.21824,20.548020761384528,-32.41774513289183,-84.39861883336157
14.75,0.9510614111457778,-0.3514684639925797,0.11900976659146291,16.20999864082986,6.940536788973471,1.5879192316063635,16.158632436524016,9.940097008914922,16.261364845135702,3.9409765690320198,0.6108652381980153,21.21824,63.40430611726258,-36.35177154804825,150.00000149422107
15.0,0.9520187317299443,-0.33939377639041984,0.1169756864324364,16.28970004200612,7.183418437856875,1.6171089552172395,16.150811818454635,10.180201723541495,16.428588265557607,4.186635152172253,0.6108652381980153,21.21824,24.08792730449127,-35.074150947758106,-150.00000145011427
15.25,0.948682927923207,-0.33948454780367093,0.11182602815955571,16.363668691729405,7.4257488246484495,1.6456496024787084,16.13931850787158,10.417348228813879,16.58801887558723,4.434149420483019,0.6108652381980153,21.21824,13.950915337097616,42.44389635821804,30.061702304371543
15.5,0.9361990285089669,-0.33649610355725257,0.11587412489430421,16.429859735327604,7.666784879604985,1.6754608161283286,16.116439235106856,10.650367891696549,16.743280235548347,4.68320186751342,0.6108652381980153,21.21824,26.124790792377564,139.88729397758726,0.5263045591495485
15.75,0.9292473268357804,-0.3350011725108904,0.11518651311926574,16.489043916014314,7.908511218591362,1.7043907354253294,16.08945178755655,10.881779812390883,16.88863604447208,4.935242624791839,0.6108652381980153,21.21824,16.27325914078006,-107.17198148850994,-22.44376497872347
16.0,0.9220688056394513,-0.3335679378872398,0.11462210238032616,16.54110237701257,8.149905841700047,1.7331928050901475,16.05605153016418,11.110433780425108,17.026153223860963,5.189377902974986,0.6108652381980153,21.21824,-13.88813554411727,-137.5188553165617,-150.00000146806994
16.25,0.9150910834234031,-0.33209837301076267,0.11406705055447694,16.58610656729445,8.390872403002074,1.7618514619084844,16.016421756878945,11.336285653597468,17.155791377709953,5.445459152406681,0.6108652381980153,21.21824,13.752569887246173,-44.48618105636738,-138.73767019549268
16.5,0.9069472991623345,-0.33216017123495273,0.11371042897507767,16.624434488906335,8.631075490745694,1.7904015746463136,15.970901383488313,11.559026050456442,17.277967594324355,5.703124931031681,0.6108652381980153,21.21824,43.900819529047034,-56.73131374421482,144.0069666613921
16.75,0.90167244560064,-0.3292911558392612,0.11300353248744116,16.655409331398115,8.870880010169476,1.8187586395067772,15.919122012004932,11.779123635332407,17.3916966507913,5.962636385006545,0.6108652381980153,21.21824,48.800419120784326,-173.60344848247266,-54.2653619049278
17.0,0.8952236288004689,-0.3278904486156711,0.11246836040058673,16.67988685721164,9.109608476184262,1.8470055757202384,15.861755207903906,11.995896854777497,17.498018506519372,6.223320097591027,0.6108652381980153,21.21824,12.291536968568588,-148.12489709731562,-150.00000145905162
17.25,0.8889378300535468,-0.3264995814868236,0.11197505741082733,16.697713759646508,9.347287857513685,1.8751315557062227,15.798736702568478,12.20942696154887,17.596690816724536,6.4851487534785015,0.6108652381980153,21.21824,16.915129255304162,41.11308088060246,116.49999060176118
17.5,0.8822703017917283,-0.32528812982637806,0.11163648936554207,16.709042402845434,9.583699343081888,1.9031488061190223,15.730239378617602,12.419531608883664,17.687845427073267,6.747867077280109,0.6108652381980153,21.21824,0.5582254133455576,-36.773545021674025,46.58073216894731
17.75,0.8768490766524691,-0.3238154129234726,0.11098990544862744,16.713842550616942,9.818929256142,1.9309970735056528,15.656456237463154,12.62640751692249,17.77122886377073,7.011450995361511,0.6108652381980153,21.21824,-4.267679855887722,23.560615562642415,75.3130330889526
18.0,0.8710269877973744,-0.3224710362767354,0.11052509247500258,16.71233305067887,10.052607877307203,1.9587504253031947,15.577447006863387,12.829662732284481,17.84721909449435,7.275553022329925,0.6108652381980153,21.21824,26.810651343805635,-126.54029417804482,-55.83735069580341
18.25,0.8653521899340983,-0.3211493445138852,0.1100684829050686,16.70458412821246,10.28468321328046,1.9863856502306152,15.493396648710068,13.029318870247819,17.915771607714852,7.5400475563131,0.6108652381980153,21.21824,61.39504562020772,6.224951423930701,150.00000148954348
18.5,0.8598065116330245,-0.3198136035001825,0.10962931742113334,16.69068948207479,10.515017995938198,2.0139080734661294,15.404431213110147,13.225283603866975,17.97694775103944,7.804752388009421,0.6108652381980153,21.21824,14.907219480452296,-173.90530482907698,13.590854154413908
18.75,0.8576874988395197,-0.3177005126912891,0.10709061404174094,16.67046339672888,10.743901037843832,2.04100162346227,15.311255461232133,13.418326917931497,18.029671332225625,8.069475157756168,0.6108652381980153,21.21824,5.1508982582160385,-68.92965523112697,76.52287782629732
19.0,0.8491236869029051,-0.3172071244513698,0.10877280460161845,16.644900442427442,10.969986453641717,2.0686186626394862,15.212360472660318,13.605859977735744,18.077440412194562,8.334112929547686,0.6108652381980153,21.21824,3.604284963148508,-98.69036240087325,14.27286869218147
19.25,0.8439622034088449,-0.31591407407066036,0.10836915255846327,16.613217455785737,11.194374080734557,2.0958162302156795,15.109526773342605,13.79031597752919,18.116908138228865,8.598432183939925,0.6108652381980153,21.21824,9.515936449248136,-78.6214962533192,52.43582280520859
19.5,0.8389215035416062,-0.3146212714313384,0.10797991554165155,16.575805281744085,11.416537314383788,2.1229132371720625,15.00233295845636,13.970785706348238,18.149277605031806,8.862288922419339,0.6108652381980153,21.21824,11.242773466507924,-37.44678316418038,-150.00000147581866
19.75,0.8339900032943948,-0.3133346565475726,0.107599264599926,16.532775816512608,11.636363140955146,2.1499106035404116,14.890927273999786,14.147206298830318,18.17462435902543,9.125519983079975,0.6108652381980153,21.21824,2.632922483978052,99.76336822443957,-52.29314439749762
20.0,0.8281769829550993,-0.31244659051929113,0.10757274703667725,16.48436382885575,11.853637791252176,2.1768610165735574,14.775451438939065,14.319326020446866,18.193276218772432,9.387949562057486,0.6108652381980153,21.21824,3.437969514783368,-10.060984725733903,52.46016900921614
20.25,0.8244521250082489,-0.3107875692373149,0.10688514824868868,16.43028775531161,12.068563125716667,2.2036259775201743,14.656001259614184,14.487634730937511,18.204574251009035,9.649491520495822,0.6108652381980153,21.21824,-74.99999988539876,-200.00000176202218,-150.0000014960937
20.5,0.8198388030514174,-0.30948960830793004,0.10654188950755324,16.371034151151463,12.280716845817546,2.2303476768671073,14.53274707018679,14.651518526253593,18.20932123211614,9.9099151653815,0.6108652381980153,21.21824,-9.23667239032205,-5.802253754836941,75.10537310604266
20.75,0.8046959642515424,-0.32410501846633116,0.10772849570524577,16.309270303444293,12.490105119778052,2.2572250214183587,14.407933982125497,14.810648201307439,18.21060662476309,10.169562038248666,0.6108652381980153,21.21824,1.7365009232250805,-165.51416970378204,-150.00000143709917
21.0,0.8109002184822309,-0.30691148462149886,0.10590506632320108,16.237056811379173,12.696625583489134,2.283542380160014,14.275315372648214,14.966332729260541,18.198798250110134,10.426918437717728,0.6108652381980153,21.21824,-0.19225439931950192,-39.63657162320422,96.42233570227528
21.25,0.806182101889157,-0.30584589859615624,0.10579489175483972,16.16261235998149,12.900153951282638,2.3100486113271574,14.141405683503812,15.117071534541441,18.18381903645917,10.683236368023833,0.6108652381980153,21.21824,-6.011159359233959,-111.39002948369442,-0.5832372079201971
21.5,0.8023291389437405,-0.3043261459625165,0.10533180537786961,16.08316170264501,13.1006739105748,2.3364278904203646,14.004184324825681,15.263508407829613,18.162139080464335,10.937839413319983,0.6108652381980153,21.21824,-2.880593295627869,-47.88251812561284,-51.3137943536391
21.75,0.7981766204027718,-0.3030251481538132,0.10506422207138574,15.999013542654831,13.298013316080002,2.3627619964071815,13.863807263082547,15.40535622687443,18.134219822227113,11.190670405285575,0.6108652381980153,21.21824,19.36687991917564,-62.6091928962254,136.68368694721067
22.0,0.7940798203640408,-0.3017165750765848,0.10481938242636814,15.910212326099318,13.49210428999544,2.3890301666516263,13.720392991772629,15.54263867961416,18.100031660426005,11.44156990037672,0.6108652381980153,21.21824,-30.33922205630654,-167.5569225332116,-150.00000149462005
22.25,0.790122038340364,-0.30041323152781246,0.10457062676395466,15.816859288989793,13.68287105796354,2.4152319922108343,13.57407000927032,15.675330906185193,18.059648568709264,11.690411209741887,0.6108652381980153,21.21824,8.447837608816068,-145.82291642798293,-53.55309197975245
22.5,0.7811786347635284,-0.30332421677600263,0.10556902228847263,15.720080856717463,13.870139786800749,2.441544599506367,13.425647169384677,15.80290310765317,18.014514544050247,11.937376465948327,0.6108652381980153,21.21824,26.504909628447365,7.342938887046078,23.868096183298338
22.75,0.7823978565575668,-0.2977685038154722,0.10413889522639992,15.616947298439532,14.054059212510973,2.467463892526165,13.273194029529868,15.92670990457192,17.960700567349196,12.181408520450024,0.6108652381980153,21.21824,3.4674745997749143,-37.03645473205404,-42.886638268834155
23.0,0.7786548861587519,-0.29643142588803995,0.10394767024195281,15.510604680785809,14.234320263213437,2.4934999739834662,13.118894778191338,16.04532102020708,17.902314583380278,12.423319506219796,0.6108652381980153,21.21824,7.6768116270620395,39.457518753102484,15.536134504014933
23.25,0.7749874610688686,-0.29509869790365373,0.10376548579361711,15.400153462359825,14.410923956849569,2.5194859504714904,12.962195713638165,16.159169367382113,17.838111211081483,12.662678546317027,0.6108652381980153,21.21824,5.323233916297017,-39.932241802234714,35.00174897089123
23.5,0.7713888389308923,-0.29375048493264205,0.10360077389099799,15.285701301155806,14.583788804281582,2.545427667259927,12.803216445240212,16.26820827108603,17.768186157071398,12.899369337477133,0.6108652381980153,21.21824,27.279143357350037,0.7589144756145684,150.00000141118758
23.75,0.767876135684937,-0.29239300750414127,0.10345071850260239,15.167355396160405,14.752845569970422,2.571328193596049,12.642080692255984,16.372409606932358,17.692630100064825,13.133281533008486,0.6108652381980153,21.21824,19.826555446455416,-88.61454119106405,52.50864581053395
24.0,0.7644218380694652,-0.29127822206862614,0.10339578506367525,15.045252950761205,14.918053718991247,2.5972071499381095,12.478915864760683,16.471731279174943,17.611590036761726,13.364376158807554,0.6108652381980153,21.21824,-9.000476809240235,-118.12590790454709,-135.88707330805852
24.25,0.7610711025033818,-0.28969060466192387,0.10319439062235734,14.919436813327616,15.079256965708861,2.6230199362523994,12.313854361596423,16.566179992375194,17.52501926505881,13.59233393904253,0.6108652381980153,21.21824,-69.39858604662855,-200.00000112296425,-150.0000014961572
24.5,0.7577801373304973,-0.2883350867397937,0.10308712151824995,14.7900827974113,15.236473957522135,2.6488180304087434,12.147011834048755,16.655690601530296,17.433153760773845,13.81725731351397,0.6108652381980153,21.21824,-74.99999096503672,-200.00000191298912,-150.00000149543158
24.75,0.7456474559066146,-0.2977112377838895,0.10436147869322268,14.65921382367908,15.390237427892206,2.6747857617475184,11.980184257341422,16.74034875022406,17.33824339001674,14.040126105560352,0.6108652381980153,21.21824,-5.5146191170749095,-101.10126494790563,-150.00000144472344
25.0,0.742324947898186,-0.29496692719742756,0.10403065892173576,14.522977783730541,15.539080242799422,2.700504942516905,11.810114296652431,16.81985020671894,17.23584127080865,14.25831027887991,0.6108652381980153,21.21824,-3.7328167754820685,-16.78069542399969,10.925037940247627
25.25,0.7476959715695295,-0.284955437996504,0.10292351452203947,14.381919001002968,15.68345059046856,2.7260741210677994,11.637197609844485,16.89444377167027,17.126640392161452,14.472457409266848,0.6108652381980153,21.21824,4.12644850887145,13.457014482008285,-55.97029950926572
25.5,0.7453280682149025,-0.2828329728913196,0.10278926784938285,14.239298285681196,15.82392912389126,2.7517730383024337,11.46436541071915,16.96399383234234,17.01423116064324,14.683864415440178,0.6108652381980153,21.21824,6.358743590241063,100.89664687192804,-15.552236151238596
25.75,0.7423912213406729,-0.2814686812492425,0.1027422489475274,14.093821919148986,15.960155035970741,2.7774678406015356,11.290514516851692,17.02854991065794,16.897129321446283,14.891760161283543,0.6108652381980153,21.21824,-6.770955527069581,4.780181910779775,-20.637351827581362
26.0,0.7395288621431783,-0.2800879535283925,0.10271421356324137,13.94545388148052,16.092011818522135,2.80315386540537,11.115631400343856,17.088056358316187,16.77527636261718,15.095967278728084,0.6108652381980153,21.21824,10.701688672689697,-50.09437363575469,-76.6121444443585
26.25,0.7367298158354747,-0.2787213739649595,0.10268585321406119,13.79431344451641,16.2194562822717,2.8288287285703873,10.939853121941061,17.142525221648967,16.64877376709176,15.296387342894436,0.6108652381980153,21.21824,17.908725099019534,-41.225031399382516,-126.72828982742816
26.5,0.734017601516288,-0.27736276951122074,0.10267683247190709,13.640505225056133,16.342440474327553,2.8545008543636365,10.763290939289858,17.19193323697053,16.517719510822406,15.49294771168457,0.6108652381980153,21.21824,8.341496133525965,12.086971212643482,-60.12510035682146
26.75,0.731373996993521,-0.27600779485270904,0.10267903786237059,13.484146820882534,16.46091592080748,2.880170694302469,10.586076491358716,17.236279296995516,16.382217150406355,15.685552544619444,0.6108652381980153,21.21824,17.082915223072874,16.584945861779055,150.00000145645893
27.0,0.7287938337657367,-0.27463959343021127,0.1027009702728882,13.325351348402885,16.574833995035434,2.9058435728454355,10.408332397495338,17.27554823068847,16.242370299310434,15.874119759382394,0.6108652381980153,21.21824,19.402948333778532,-20.75079299099888,68.16718777012923
27.25,0.7267813024453499,-0.27342065470756866,0.10259357806676578,13.164168300036575,16.684208216697435,2.931500003991658,10.23013350963494,17.30985975606487,16.098203090438208,16.05855667733,0.6108652381980153,21.21824,14.281252178474357,-69.09731431818213,-135.36986485049283
27.5,0.7238400636059484,-0.2720159593230612,0.10275705578607039,13.000911806610713,16.78887983850039,2.957194788249662,10.051771307558997,17.33894375919779,15.950052305662428,16.238815917802985,0.6108652381980153,21.21824,1.9118937808136995,33.961475729993595,-57.783139431807456
27.75,0.7214752218948529,-0.27068411159284966,0.10276299159891446,12.835489197168865,16.8889126481108,2.982869482363452,9.873199495199048,17.363085318773706,15.797778899138683,16.414739977447898,0.6108652381980153,21.21824,-14.790144509304803,87.3999115836471,-47.5327389540856
28.0,0.7191832269569347,-0.2693601400921943,0.10280035390607584,12.66808260868218,16.984244294819664,3.0085597199939023,9.694590122558031,17.382166944292194,15.641575094806328,16.586321645347134,0.6108652381980153,21.21824,7.0803204633625905,-38.03531318823528,70.26269652836946
28.25,0.7169512700562377,-0.2680834400983082,0.10285133373989523,12.498812896850472,17.074853092046713,3.03426213350077,9.516076075692101,17.396226793064788,15.481549718008843,16.753479391028634,0.6108652381980153,21.21824,-5.468388612408006,65.63959018675304,-36.29507596161483
28.5,0.7147935090741026,-0.26684163485088364,0.10290708024941639,12.327789245603219,17.160707470735648,3.0599761387105597,9.337775583545579,17.405285271667495,15.317802907660859,16.9161296698038,0.6108652381980153,21.21824,22.77611715056956,61.57170694597498,2.0131555780754162
28.75,0.7127101805182876,-0.26559028603051715,0.10294782652055008,12.155126148079383,17.241770105117812,3.0856971543100777,9.159811388302915,17.40936929925098,15.150440907855852,17.07417091098464,0.6108652381980153,21.21824,25.707871718814854,45.647249944594456,122.75300979681879
29.0,0.7106900936852,-0.2643528650208806,0.10301755973984492,11.980937882676928,17.318021250613448,3.1114391473679657,8.98230163024797,17.408468061606527,14.979574135105885,17.22757443962037,0.6108652381980153,21.21824,6.906439980759221,62.580201941982295,-0.35415182909495624
29.25,0.708724092826684,-0.26316121337654863,0.10308914897783482,11.80534460112726,17.38944923867676,3.1371956133056447,8.805373602025426,17.40264031702314,14.805315600229095,17.376258160330384,0.6108652381980153,21.21824,1.4769307837328887,33.73168580650646,-21.564164377557493
29.5,0.7068132844356031,-0.26200669854635733,0.10314095169495112,11.6284595299851,17.456034815448938,3.1629605614920773,8.62914438515866,17.39193596979042,14.627774674811539,17.520133661107458,0.6108652381980153,21.21824,1.3447813391987593,84.59084506948095,51.10991138685682
29.75,0.7049447072710885,-0.2608364130937024,0.1031959250474849,11.450399034527807,17.517746822578093,3.188741461340084,8.453732931960259,17.37635279963982,14.447065137095356,17.65914084551636,0.6108652381980153,21.21824,16.99137793602195,37.43457730300398,-41.020007232250464
30.0,0.7031235299187983,-0.2597013321306055,0.1032895371521992,11.271282815831743,17.574584916152443,3.214548796010481,8.279263173278151,17.35591059536065,14.263302458385336,17.793259236944234,0.6108652381980153,21.21824,-75.00000063632538,-200.00000197188652,-150.0000014986755
30.25,0.7013570249747758,-0.25855773458680154,0.10335303278004401,11.09123271142563,17.626527590375886,3.2403638192818405,8.105854433236342,17.330695651404508,14.076610989614917,17.92235952934726,0.6108652381980153,21.21824,8.280917958379867,24.260315389113792,78.2143011355729
30.5,0.68765553196586,-0.27258255833216,0.10645655934114326,10.911615899739196,17.675716261527928,3.2666058104479774,7.935027819292197,17.30165289879262,13.888203980186198,18.049779624263234,0.6108652381980153,21.21824,-8.416257338210103,117.22086128451342,55.6304563149931
30.75,0.697935331131046,-0.2563290430780634,0.10352196058745301,10.72882446852845,17.715704252217865,3.292059156909025,7.762720697639642,17.266006108660093,13.694928239417258,18.16540239577564,0.6108652381980153,21.21824,7.364177262784751,22.874598707888946,3.572490632415807
31.0,0.6962778598419135,-0.2552024454425765,0.10362304284328755,10.546710869775293,17.752911787734366,3.3179406610367534,7.5932380341004535,17.22660559460069,13.500183705450132,18.27921798086804,0.6108652381980153,21.21824,-3.0732329373219827,71.53179073946743,51.25847754721299
31.25,0.6946802625869054,-0.25409664425254863,0.10370545670242247,10.36414415390605,17.785198738578124,3.3438380269618575,7.42529009153513,17.18259040799674,13.302998216276968,18.38780706915951,0.6108652381980153,21.21824,-20.486171268621664,-102.91017064068242,-150.00000148650088
31.5,0.6931247871898246,-0.2529918516667892,0.10380391444224538,10.181251352100627,17.812554853031383,3.369762648744427,7.259005458956482,17.133968867320746,13.103497245244773,18.49114083874202,0.6108652381980153,21.21824,1.1152162389727427,12.857184999688775,26.76635855900599
31.75,0.6893016171070081,-0.255265290436767,0.10423240977505237,9.998404749229119,17.83556416846273,3.3957615403904735,7.094786931388887,17.081240916851904,12.90202256706935,18.58988742007356,0.6108652381980153,21.21824,8.007250946334878,19.31893144394904,-141.3228289421197
32.0,0.6901710956139165,-0.2507726436492107,0.10403353694256608,9.814961432933984,17.852466791910174,3.421694296624659,6.931879401775423,17.023106796726736,12.698043464092546,18.681826787093613,0.6108652381980153,21.21824,2.9003929910324375,73.16645336268468,-8.164101552346539
32.25,0.6887633007640215,-0.24964223947949685,0.10413939419685633,9.631811577605792,17.86502213692431,3.4476969180491706,6.771267273623915,16.960983263336654,12.492355881587672,18.76906101051197,0.6108652381980153,21.21824,11.276659488238272,-11.435784444073128,-75.94662473587644
32.5,0.687401602028405,-0.24851457587804401,0.1042694282278359,9.448817668016275,17.872651320149654,3.473734273166303,6.61277907510052,16.894446280552927,12.28485626093203,18.850856359746384,0.6108652381980153,21.21824,-0.08709631504039606,-86.94201623150636,97.4254170287057
32.75,0.6860978002548742,-0.24738795740587524,0.10438639426584188,9.266098150110233,17.87536144959259,3.4997971975134186,6.456514726879904,16.82358153539506,12.075681573340562,18.92714136379011,0.6108652381980153,21.21824,35.2214996348162,29.83227759527491,150.00000149196217
33.0,0.6848380047850637,-0.24627904119226943,0.10453291028377623,9.08377416503088,17.873164632311727,3.5258988328761167,6.302597824172487,16.748416588948444,11.86495050588927,18.99791267567501,0.6108652381980153,21.21824,9.813275003193594,1.7528419841185745,-6.088288251689739
33.25,0.6878695282628783,-0.2430054046105675,0.10293279262005857,8.901460931934295,17.865523572395897,3.5517766659536156,6.150318557198613,16.66918932397963,11.652603306669977,19.061857820812165,0.6108652381980153,21.21824,7.599772118102133,-25.816579745095986,111.94951481670236
33.5,0.682506167183864,-0.24398336840661172,0.10478022538776592,8.72079620817994,17.854061556692052,3.5781839109121205,6.002201242020955,16.585502764212887,11.439391174338926,19.122620349171218,0.6108652381980153,21.21824,-6.054113102160517,122.05455782412156,41.34260585927409
33.75,0.681422589531902,-0.2428355044788795,0.10493631826532288,8.540380138095234,17.837192990154055,3.604384859453454,5.855951903195745,16.497847981698648,11.224808372994723,19.176537998609458,0.6108652381980153,21.21824,-12.241908700170018,67.31793440919776,150.0000011981336
34.0,0.6804070822486947,-0.24166093542450168,0.10505939806763077,8.360839792226116,17.815463333149548,3.630610409955184,5.712455685685332,16.406186346811456,11.009223898766903,19.224740319487633,0.6108652381980153,21.21824,74.99999992121448,113.81161815324253,150.00000149628744
34.25,0.6794474337803013,-0.24058857847777732,0.10533553124058377,8.182284901899592,17.78891737264823,3.6568974413727067,5.571857212081896,16.310517130415754,10.792712591717288,19.267317614880707,0.6108652381980153,21.21824,-50.845225910927915,-200.00000144848593,-150.0000014958619
34.5,0.6857677984214994,-0.23780201436177562,0.10049183609634142,8.0040770741235,17.756832768420214,3.682459553249832,5.43228910968506,16.21219473121875,10.575865038561941,19.301470805621673,0.6108652381980153,21.21824,-1.8591195309325612,31.326046449606018,-101.31361221581072
34.75,0.6701313049522756,-0.25366913635958094,0.10642775891166129,7.828571037103112,17.723852307491924,3.709654408432244,5.299735040236723,16.10985463061851,10.3574070339695,19.337849984365338,0.6108652381980153,21.21824,0.9512260894176312,-26.02323154279058,34.644529348535244
35.0,0.6769360167325267,-0.23705250046804713,0.10561291726257459,7.653774771221009,17.680463069768603,3.7358761593021748,5.168125108555539,16.00071732874378,10.13942443388648,19.360208810793427,0.6108652381980153,21.21824,4.635308283430096,32.700812854783365,-130.0452168426826
35.25,0.676217120542506,-0.2359236227674192,0.10575841784570776,7.480369016619526,17.63482577111067,3.762282729938612,5.039937103761842,15.89003578984866,9.92080092947721,19.37961575237268,0.6108652381980153,21.21824,0.46368903076327694,55.03845533791313,-15.09863534572623
35.5,0.6756086895022463,-0.23477416197948167,0.10589255376221582,7.3085369509382065,17.584484309299988,3.7887205113133993,4.9150808686537335,15.775791968912747,9.701993033222681,19.39317664968722,0.6108652381980153,21.21824,59.78919479163186,-54.489676851428676,150.00000148909842
35.75,0.6750188757491113,-0.23360436041366484,0.10603727817336785,7.138405917262098,17.529485916643964,3.8151978045968975,4.793672430953039,15.658062694018556,9.483139403571156,19.40090913926937,0.6108652381980153,21.21824,-46.53384902607285,-200.00000185232872,-150.00000149675046
36.0,0.6769774995759099,-0.2315109787396367,0.10497238199750723,6.969855196448323,17.469525985639283,3.8415359615595075,4.675219072256299,15.53700300840124,9.264491320640348,19.40204896287733,0.6108652381980153,21.21824,19.3682884128893,-19.69223038462143,150.00000149006394
36.25,0.6662647795649213,-0.24274833022464226,0.10755277089481241,6.803657940472251,17.407678098466928,3.8684222804145536,4.561803302166233,15.41416667870887,9.045512578778268,19.4011895182248,0.6108652381980153,21.21824,17.631489639189194,186.4206584911346,-10.589240673345703
36.5,0.6759996776756115,-0.2301112766476328,0.10503280035071197,6.639008485104875,17.33672485927969,3.894622401995331,4.450147525506321,15.285167475352715,8.827869444703428,19.388282243206667,0.6108652381980153,21.21824,75.00000034473115,200.0000019812312,150.0000014954215
36.75,0.6734377707392231,-0.22916709581934666,0.10654111860894053,6.4770106032774635,17.26376270233935,3.921423068087534,4.343912221929746,15.154286156963279,8.61010898462518,19.373239247715414,0.6108652381980153,21.21824,6.295920310954941,-97.4710170410395,46.28270482201242
37.0,0.6790225331053764,-0.22584631172436068,0.10310671704698676,6.316695756798124,17.185445208619193,3.947544893650331,4.239422205596192,15.020974235499684,8.393969308000058,19.349916181738703,0.6108652381980153,21.21824,7.342555464631149,62.46714526915937,84.64844369760712
37.25,0.6730699449998285,-0.22706436654513584,0.10676650643769753,6.159357209100227,17.104114171785383,3.9747222981067507,4.1416682214594776,14.883994546820718,8.177046196740976,19.32423379675005,0.6108652381980153,21.21824,13.321581238358647,15.74223741151842,150.00000148471415
37.5,0.6729901178481277,-0.22602376851428424,0.10688457702558882,6.00417500030028,17.01777249775836,4.001418236414377,4.04646608330446,14.744586232553658,7.961883917296099,19.290958762963065,0.6108652381980153,21.21824,21.156606256976858,16.91907991724709,97.59764398652273
37.75,0.6743247602463127,-0.22503095288272879,0.10609747925171158,5.851417950607209,16.927020123704363,4.02801297341631,3.9548489817440537,14.602579084154133,7.747986919470363,19.25146116325459,0.6108652381980153,21.21824,35.709620886814825,97.0244180546233,83.21957077381376
38.0,0.6730332159772267,-0.22404324366339146,0.10707324438656245,5.701615426368442,16.832366241617006,4.054881291683811,3.868177296693786,14.45781267838556,7.535053556043099,19.20691980484845,0.6108652381980153,21.21824,29.292021162794477,-23.463709661700822,-57.137077770274125
38.25,0.6731580180841523,-0.2230859595326085,0.10715823829542923,5.5544476629451855,16.733423946120325,4.081649356456358,3.7852209632738814,14.310649320784675,7.323674362616489,19.156198571455974,0.6108652381980153,21.21824,-4.71330144058908,12.63116065251782,110.85551820494716
38.5,0.673335225820976,-0.22217850415214108,0.10724295466113902,5.410154355388049,16.63041871128875,4.108441756515688,3.706466803430228,14.161117448723978,7.113841907345871,19.09971997385352,0.6108652381980153,21.21824,43.067708566871,120.47189200276732,149.98950777904338
38.75,0.6735918262997658,-0.22128390381279986,0.10732436627379272,5.268837981165634,16.523410057559577,4.135255513034904,3.6319661581010236,14.009319638569611,6.905709804230244,19.037500476549543,0.6108652381980153,21.21824,16.460448198455854,155.19827006788998,9.9184943600706
39.0,0.6738977250494805,-0.2204114654936889,0.10739784896875805,5.130596686592059,16.412476723430547,4.16208841850896,3.5617663615306268,13.8553745723291,6.699427011653492,18.96957887453199,0.6108652381980153,21.21824,-1.0011570429646035,-200.00000174174718,-150.00000149614118
39.25,0.6742675210401103,-0.21959703621979415,0.10745091656501363,4.995518468066833,16.297700099795982,4.188934918628384,3.495894461362428,13.699406844885013,6.495142474771239,18.89599335470695,0.6108652381980153,21.21824,32.03082902602489,192.91782356816972,-110.84484642080237
39.5,0.6707479468575177,-0.23999101685511146,0.10847745593355002,4.86165928984003,16.1813678140834,4.215966415252003,3.432810340856485,13.54349164546048,6.290508238823573,18.819243982706162,0.6108652381980153,21.21824,-10.939618776974854,77.88565724713614,-59.06804368699895
39.75,0.6751731921772559,-0.2180556974118994,0.10756264535399071,4.7352466286065376,16.0569219152503,4.242680592299948,3.377367806035072,13.381820963283825,6.093125451178004,18.732022867216774,0.6108652381980153,21.21824,32.88990025549695,-21.579891595534548,77.9063814906457
40.0,0.6757005857077235,-0.21736464779643508,0.1075965044111485,4.610226879582944,15.931094233501069,4.2695694018874715,3.3247605188598426,13.220452937525279,5.895693240306045,18.64173552947686,0.6108652381980153,21.21824,7.200533752976504,-10.985630132965754,-65.12826741581227
40.25,0.676280025866541,-0.21669161377648508,0.10762751935952405,4.488743768266341,15.8017505424371,4.2964696546604255,3.27665061868192,13.057514729548894,5.700836917850761,18.545986355325308,0.6108652381980153,21.21824,-6.79023663530511,162.2137467937541,-150.00000146832073
40.5,0.6769026620651537,-0.2160522722831525,0.10765222433698207,4.370879922884208,15.668985403985715,4.323378895111305,3.2330619792011412,12.893130521785714,5.508697866567275,18.444840286185716,0.6108652381980153,21.21824,-3.0040107599010377,-14.587234932329828,20.33579545893293
40.75,0.676956597927743,-0.21618371783724166,0.10774013156082138,4.256651362868597,15.533028556393816,4.350305300948769,3.1939806345931068,12.727546258594304,5.319322091144088,18.33851085419333,0.6108652381980153,21.21824,1.6841598438197252,92.22163134616342,-102.13193083630749
41.0,0.6782776803823715,-0.21493298139481073,0.10769146314139946,4.146329444743361,15.393570639967148,4.377218761725624,3.1595396806432694,12.560507640055693,5.1331192088434525,18.226633639878603,0.6108652381980153,21.21824,74.9999998436297,149.25191814904167,150.00000149551167
41.25,0.67902703778695,-0.21442610447129493,0.10769570076833115,4.039808078770031,15.251112354767615,4.404143253188001,3.1296455337272415,12.39251057389619,4.9499706238128205,18.10971413563904,0.6108652381980153,21.21824,74.99999986103546,143.73845058071558,150.00000149615488
41.5,0.6856239318616131,-0.21205944939726742,0.10366090466742352,3.937234795340441,15.104753249770358,4.430476117484,3.1026542679270324,12.223178100088788,4.771815322753851,17.986328399451928,0.6108652381980153,21.21824,19.50781726653835,78.67350910848698,-39.11053628990886
41.75,0.6867784853063666,-0.2123427618332713,0.10284455526597704,3.8385731503829077,14.956319506751159,4.4572801414677485,3.081520970687312,12.053411999230786,4.595625330078503,17.859227014271532,0.6108652381980153,21.21824,70.08173672645653,72.0493058378179,150.00000149305944
42.0,0.6814720679851164,-0.21315930804626718,0.10767869919423947,3.744164226360052,14.805961324194449,4.484922556813214,3.067634417603658,11.883238720548313,4.420694035116447,17.728683927840585,0.6108652381980153,21.21824,46.687692275672156,134.37497106408685,150.0000014931922
42.25,0.6865551957184651,-0.21058100081005027,0.10527767614332684,3.654001669774003,14.651277568760797,4.511497618735918,3.055373133225458,11.711610261865381,4.252630206322549,17.590944875656213,0.6108652381980153,21.21824,53.18543039953952,-164.2658755340178,-81.45891989954718
42.5,0.6862338213281345,-0.21389697449627704,0.10493970929370898,3.56738561240782,14.495036091627432,4.538364707393195,3.047943920647345,11.540348235209937,4.0868273041682945,17.449723948044927,0.6108652381980153,21.21824,57.33991208126115,145.11890260707193,150.0000014857817
42.75,0.6841692347955439,-0.21224373110290404,0.10760927326067442,3.485870698712303,14.336370349430636,4.565674642540986,3.047305006795254,11.368600120138396,3.924436390629353,17.304140578722876,0.6108652381980153,21.21824,39.129844320003016,134.27137560287147,-63.87551514923043
43.0,0.6874096551484018,-0.21057527162053505,0.10635856953507952,3.4085175689121674,14.17453526487295,4.592401146017747,3.049417181508664,11.1961049884074,3.767617956315671,17.1529655413385,0.6108652381980153,21.21824,75.00000052967695,180.65513430390823,150.0000014967954
43.25,0.6860404223249941,-0.21184879155192657,0.10753311665587853,3.3352687285321836,14.011218015465271,4.61947408414543,3.0569249421385774,11.024158468590047,3.6136125149257903,16.998277562340494,0.6108652381980153,21.21824,22.771857912055584,84.90164335320986,-95.90575821786292
43.5,0.6949347994133657,-0.2043130432129261,0.10132122115235714,3.2677405280539378,13.844328722900682,4.64543492497971,3.0670284005491975,10.851050479590763,3.468452655558679,16.8376069662106,0.6108652381980153,21.21824,38.85125216285862,86.67128598482803,102.92526309492098
43.75,0.6879171458874644,-0.21158844263756502,0.10744124460509567,3.202481790931284,13.677486940575296,4.673234805519595,3.0850492766778648,10.679786220924296,3.3199143051847035,16.6751876602263,0.6108652381980153,21.21824,-9.441209957896016,49.285395305430804,61.027291006159025
44.0,0.6888534898022955,-0.21150920535229775,0.10738268608880672,3.1428938888270155,13.507709631205243,4.700095655156975,3.1060148420564353,10.50793631711811,3.1797729355975966,16.507482945292374,0.6108652381980153,21.21824,0.04045954794655846,10.328395680106274,-150.00000149273137
44.25,0.689790616883152,-0.21146054684444074,0.10732565628257125,3.087905215150385,13.336157312421044,4.726944857235427,3.131571303716274,10.336475117136125,3.0442391265844964,16.335839507705966,0.6108652381980153,21.21824,14.498412441678308,156.66565730745032,-137.46241285477896
44.5,0.6870840418615267,-0.2188844404394564,0.10787090996447152,3.036450148568915,13.16352850465583,4.753871458754385,3.1608618953070913,10.16610932855049,2.9120384018307384,16.160947680758373,0.6108652381980153,21.21824,39.58764269955047,58.37702712256621,150.0000014262521
44.75,0.6916937041848807,-0.2114661138711915,0.10720265817895298,2.9918844980231802,12.988231047756935,4.780599551925661,3.196357568505036,9.99520736535017,2.787411427541325,15.981254730163698,0.6108652381980153,21.21824,27.103011824435992,40.94846520194244,-30.27198319079381
45.0,0.6932401174380696,-0.21082661523845697,0.10677558008089341,2.9510367059362927,12.81202313104605,4.807348026786745,3.2354859048000195,9.82553880105773,2.6665875070725664,15.79850746103437,0.6108652381980153,21.21824,28.735706480532496,20.45903457459928,121.14562816138509
45.25,0.6937161572971418,-0.21156818958543605,0.10705716972390042,2.914724325818477,12.634697263644957,4.834185714690649,3.279211805119816,9.656921436381822,2.550236846517139,15.612473090908091,0.6108652381980153,21.21824,68.85632386900595,-200.00000199594933,-150.0000014995151
45.5,0.6948021415647581,-0.21165352172999222,0.10697761285746706,2.883298090736398,12.456128027346388,4.860951122565204,3.3273468895181875,9.489173247727992,2.4392492919546065,15.423082806964786,0.6108652381980153,21.21824,0.5729129406733784,-200.0000019161053,-150.00000149826903
45.75,0.6991028405487504,-0.23681011385543485,0.11276532215884505,2.8535351072709605,12.2755877928197,4.888464856962761,3.379037549797684,9.32197184234502,2.328032664744239,15.22920374329438,0.6108652381980153,21.21824,-4.961657121429739,-20.16888802145449,-150.00000149519153
46.0,0.6945835327587233,-0.22524963354795324,0.10927303117298742,2.8330030228303205,12.096483430722273,4.914756692450327,3.435970884467848,9.157703112659647,2.2300351611927933,15.0352637487849,0.6108652381980153,21.21824,41.19299129279603,-137.54544877881594,-73.39637589935431
46.25,0.694247661607768,-0.21818345964149144,0.10775745593217163,2.8169494200107956,11.91507260949823,4.941277763061726,3.497635704128336,8.99331523034878,2.136263135893258,14.836829988647679,0.6108652381980153,21.21824,38.38579182063381,195.699911103745,-77.91878627886027
46.5,0.6997820204531422,-0.2122351867898767,0.1066741381088308,2.8059293940906356,11.73251643038373,4.967829973181911,3.5639457439999513,8.829860540810872,2.047913044181323,14.635172319956592,0.6108652381980153,21.21824,75.00000074047074,-200.0000019952432,-150.00000149957896
46.75,0.7011824522214982,-0.21246434751137813,0.1065934490294978,2.7987840761253917,11.549845675158009,4.994499572141904,3.6339343577797516,8.668435602458757,1.9636337944710343,14.43125574785726,0.6108652381980153,21.21824,-43.70806304374856,71.18100305636806,-150.0000014967505
47.0,0.7060098207770122,-0.23470356751105528,0.11264212762451273,2.793976503327002,11.365400874316894,5.0219371331794225,3.707861391491301,8.507986936647917,1.8800916151627005,14.222814811985868,0.6108652381980153,21.21824,23.894128739592265,36.789564388985724,-89.33162586640987
47.25,0.6974693956699951,-0.2209653238437146,0.10787722258642779,2.797666071457383,11.183811140589988,5.047980372374566,3.7856489585804423,8.351164001472235,1.8096831843343246,14.01645827970774,0.6108652381980153,21.21824,63.70200873736235,152.084372131355,-19.131183760072005
47.5,0.705672230443696,-0.21316450138773524,0.10635713811270585,2.806975203476052,10.999459806937315,5.074391028727839,3.8694169136258934,8.19389077151128,1.7445334933262087,13.805028842363349,0.6108652381980153,21.21824,37.247622899127826,9.011657733811864,-19.73680844561474
47.75,0.7072389303122236,-0.21345169508477707,0.1062798524961863,2.819610706342081,10.81560751447828,5.100982296645338,3.956271660942394,8.039278666109071,1.6829497517417693,13.591936362847491,0.6108652381980153,21.21824,15.72242275014752,99.7695600171641,150.000001275455
48.0,0.708839485676809,-0.2137294354779996,0.10620328296280701,2.837223103240876,10.631767176425988,5.127554413986767,4.047247050812385,7.8866183559942415,1.62719915566937,13.376915996857736,0.6108652381980153,21.21824,3.226019502406942,10.76080682385956,-150.00000149575033
48.25,0.7106685670721004,-0.213905167891653,0.10585574405015957,2.859832171170672,10.448040041767952,5.154065437519392,4.142199100720705,7.735931073087596,1.577465241620638,13.160149010448308,0.6108652381980153,21.21824,38.60932451770038,-31.943297462477897,-49.26417628637746
48.5,0.7081664541331384,-0.2199365230846682,0.10722320115215377,2.886356202174232,10.26484795898656,5.180798768028888,4.240759993509135,7.587985921073954,1.5319524108393299,12.941709996899169,0.6108652381980153,21.21824,46.558163620173026,101.3875886166602,114.28465200745006
48.75,0.7137699254059754,-0.21471136613567982,0.10597785317625505,2.9198819853991367,10.08157480790533,5.207156309135192,4.344362670385414,7.441337171233011,1.4954013004128577,12.72181244457765,0.6108652381980153,21.21824,35.28529010855356,86.08402769080783,127.31493904971984
49.0,0.7154447213426754,-0.21509289458687586,0.10590129961416543,2.957363873165479,9.89904412371553,5.23365196569683,4.451291225571223,7.297471317558846,1.4634365207597346,12.500616929872214,0.6108652381980153,21.21824,75.00000055917452,129.65666097421595,150.00000149667326
49.25,0.7171334160150848,-0.21547039005739277,0.10582559762400195,2.9998042864587187,9.717163997291205,5.260129176693485,4.562082360165874,7.156053452934743,1.4375262127515653,12.278274541647672,0.6108652381980153,21.21824,-18.617524948170484,-200.00000186694393,-150.00000149857343
49.5,0.7229180338202766,-0.212011103774782,0.09904229576709296,3.0480277588672777,9.53606745412364,5.285572653481068,4.674956699562744,7.015531356003335,1.421098818171809,12.056603552243942,0.6108652381980153,21.21824,75.00000043278435,116.20656702432446,150.0000014966005
49.75,0.716839820732595,-0.2381732881128234,0.10871460304090946,3.096455396812729,9.355284375724835,5.313444803110177,4.7929960966447,6.88106739780765,1.3999146969807612,11.829501353642021,0.6108652381980153,21.21824,0.0,0.0,0.0
50.0,0.7277906524791635,-0.21279548918629979,0.09912078315267119,3.1576512176274547,9.176608520823354,5.338473434367502,4.915580360339308,6.74562412572651,1.3997220749156016,11.607592915920199,0.6108652381980153,21.21824,0.0,0.0,0.0
