time,u,v,r,x,y,ψ,x1,y1,x2,y2,δ,n_p,X_F,Y_F,N_F
0.0,1.17,0.0,0.0,0.0,0.0,0.0,3.0,0.0,-3.0,0.0,0.6108652381980153,18.95,1.007779564759682,1.55884397640316,4.945985198401539
0.25,1.1738927174006006,-0.006271789676790791,0.007755354270108575,0.2925,0.0,0.0,3.2925,0.0,-2.7075,3.6739403974420594e-16,0.6108652381980153,18.95,-2.333574629836587,2.4602578875571037,8.770588884902383
0.5,1.1777990111588155,-0.013218900638552513,0.015039808483867781,0.5859724260892429,-0.0015515116574017743,0.0019575834394321722,3.5859666778958124,0.004321234910043553,-2.4140218257173265,-0.007424258224847099,0.6108652381980153,18.95,-3.021139776619562,-1.938354718235242,12.562176298761159
0.75,1.1816630991406012,-0.020897355645292846,0.021784383926355226,0.8804314426926253,-0.004304463496195554,0.005694424130343131,3.880382803124795,0.012778716569957802,-2.1195199177395443,-0.02138764356234796,0.6108652381980153,18.95,-0.8089458188798986,-3.6551227687041057,17.472253695030986
1.0,1.1854010371597912,-0.02919818139437761,0.028161073138169113,1.1758705640033615,-0.007868171519450894,0.01112828232874658,4.175684807918986,0.0255159864152275,-1.8239436799122632,-0.041252329454128926,0.6108652381980153,18.95,-1.4554288009805023,-10.491979696554306,31.220945990623502
1.25,1.188972066601525,-0.03799780605864739,0.034216337140261135,1.4722846814002133,-0.011866302454403925,0.018160065117431196,4.471790013047526,0.04261089846180722,-1.5272206502471002,-0.06634350337061513,0.6108652381980153,18.95,-0.8132674101477055,18.543231788936765,43.83866709726219
1.5,1.1922595491317614,-0.047320169310092176,0.039996999652829955,1.7696348617900144,-0.015969963224900928,0.026709217360264673,4.768564851964798,0.06414816225435607,-1.2292951283847688,-0.09608808870415796,0.6108652381980153,18.95,3.5328298919742833,12.314360711384086,55.428850161349935
1.75,1.1952931250368501,-0.05696826706127395,0.045530374330842054,2.0679124070714114,-0.019802639957478226,0.036701013397487,5.065892187273858,0.09027568442065234,-0.9300673731310345,-0.12988096433560894,0.6108652381980153,18.95,-1.553930502267093,-0.18459753341319188,3.7969397446614
2.0,1.1980051527676356,-0.06711904989763892,0.05083106086957176,2.367067339517395,-0.02309165643854254,0.04807173251646323,5.3636016697927,0.12106800325009272,-0.6294669907579087,-0.16725131612717778,0.6108652381980153,18.95,-0.9739285768601276,-29.228037841126273,15.288718336153515
2.25,1.2002592649441288,-0.07758123123962132,0.055891503137686885,2.6670100615150054,-0.025472535653710073,0.06075621651984529,5.661474787765168,0.15668399934720828,-0.3274546647351571,-0.20762907065462813,0.6108652381980153,18.95,6.856236706357998,-35.29897312035233,41.5674570702538
2.5,1.202094209129081,-0.08837391763618999,0.06079739691958553,2.9676958332608026,-0.02663453763599494,0.07472452154936374,5.95932409864308,0.19733046357139875,-0.02393243212147461,-0.2505995388433885,0.6108652381980153,18.95,-2.578763997926396,-22.46385946393978,32.99600804858914
2.75,1.2034820748386263,-0.09933298212445812,0.0655236548520842,3.2690386346732745,-0.02622086073113393,0.08992100962576037,6.2569181230086075,0.24317877398463483,0.28115914633794165,-0.29562049544690205,0.6108652381980153,18.95,16.41709021436208,-16.653238475841437,29.501847632187367
3.0,1.2040946796904055,-0.10981133259366639,0.06986616609512708,3.570869590708851,-0.02382815010970609,0.10624141803466956,6.553954651579572,0.2942968561534394,0.587784529838129,-0.341953156372851,0.6108652381980153,18.95,14.210578394900624,-42.37162076198042,150.0000013677833
3.25,1.2046484392691335,-0.12159633344425756,0.0743933081181471,3.873228374455447,-0.019411231953885073,0.12379748587341924,6.850268993283061,0.3510333035038584,0.8961877556278334,-0.38985576741162803,0.6108652381980153,18.95,10.19440669792405,-23.74627107615452,4.0515351858281665
3.5,1.2039287642630752,-0.13310305122654362,0.07952191954631936,4.175765406409854,-0.012424153103424903,0.14254163068146083,7.145339799989336,0.4137541206237262,1.206191012830373,-0.43860242683057565,0.6108652381980153,18.95,1.815924541551969,-33.862407306369555,50.489046053522955
3.75,1.2034529347331322,-0.14400718537766957,0.08248983570643847,4.478556613181903,-0.0025276528744013816,0.16202051735448245,7.43926670284505,0.4814101168510457,1.5178465235187555,-0.4864654225998483,0.6108652381980153,18.95,29.241803488728614,-12.57980770432927,15.052413334233286
4.0,1.2019454017925646,-0.15519125700335556,0.08631106543668708,4.78128173991305,0.010454505867108598,0.18266388448041843,7.731371605222988,0.5554038490136034,1.8311918746031097,-0.5344948372793857,0.6108652381980153,18.95,26.856104734575823,-34.54931507083269,57.41685317741365
4.25,1.1998917764169252,-0.16608827664031975,0.08978765227261687,5.083827806152556,0.02691190698245534,0.20421238203039166,8.021490848091807,0.6352998194398213,2.1461647642133053,-0.5814760054749104,0.6108652381980153,18.95,27.649831897189486,-23.85214639118527,150.00000148889208
4.5,1.1971569711917085,-0.17681957357764364,0.09320318967557119,5.3859736222345065,0.04709425603708552,0.2266906972285283,8.309220148446384,0.7213566285527425,2.4627270960226273,-0.6271681164785705,0.6108652381980153,18.95,32.2471532270934,-86.067601750518,47.854779497971165
4.75,1.1922365689037069,-0.19194652431420023,0.09604846386598423,5.687419607601676,0.07048841292584722,0.24994163370605185,8.594200187939133,0.8125306339436471,2.780639027264217,-0.6715538080919523,0.6108652381980153,18.95,27.859758503600773,-13.515302456804799,97.99314032000669
5.0,1.1898662710131909,-0.19750991713906427,0.09912018548013583,5.988281867983648,0.0997247950545314,0.27402296596948045,8.876352014446603,0.9115442510357624,3.1002117215206932,-0.7120946609266996,0.6108652381980153,18.95,5.311227332584675,-38.23629467084869,25.358613620615326
5.25,1.1853080283094652,-0.2071233120801513,0.1017684612659642,6.287973544230689,0.13275259280768817,0.2988047173767252,9.155040654524338,1.0158868889781838,3.4209064339370414,-0.7503817033628077,0.6108652381980153,18.95,16.74703749416787,-62.148604430450206,-15.72000280464147
5.5,1.1801939363323288,-0.21651271219261264,0.10408027455169128,6.586403166598952,0.17047909259020086,0.32421401569885444,9.430107382697464,1.1261706387197792,3.7426989505004395,-0.7852124535393766,0.6108652381980153,18.95,48.37395090322711,-84.64070073353676,-117.54447912870621
5.75,1.1745629733388183,-0.22534940887892663,0.10621661249325198,6.883308316719368,0.21319607178935082,0.350236292033934,9.701183304529406,1.2425553642983367,4.065433328909328,-0.8161632207196344,0.6108652381980153,18.95,15.315047482854773,-55.58870458201863,150.00000149273677
6.0,1.1684805986185849,-0.23371582624345882,0.10818529687608153,7.1784522507633595,0.2610565331355414,0.3768092248742913,9.967982540736509,1.3649228118678676,4.38892196079021,-0.8428097455967845,0.6108652381980153,18.95,9.457260785543516,-200.00000120751906,150.0000014967102
6.25,1.1612137851054725,-0.24676841692577509,0.10856469831661938,7.471699259130936,0.3133594401075727,0.40367454488931254,10.230570790647059,1.4917599970447646,4.712827727614814,-0.8650411168296189,0.6108652381980153,18.95,44.940559537079714,32.70384905410896,45.22014875137546
6.5,1.152836723500898,-0.2583511756217769,0.10623264415336979,7.7624035503864555,0.371378916051028,0.4305648004294692,10.488594018084477,1.6235312765217664,5.036213082688434,-0.8807734444197104,0.6108652381980153,18.95,46.65092414380555,26.20533548845345,-58.642991328193666
6.75,1.1474044031371018,-0.255734696631073,0.11255600663005662,8.050618288288744,0.4370108749246619,0.4591244703774816,10.739940819565533,1.7665011241431559,5.3612957570119555,-0.892479374293832,0.6108652381980153,18.95,27.792068843480443,-151.6523569217856,150.0000014750576
7.0,1.1396457895434795,-0.26209968544886525,0.11357883141843152,8.336092435095736,0.5067978283286168,0.48725286449906896,10.986959637186501,1.911398510686931,5.68522523300497,-0.8978028540296972,0.6108652381980153,18.95,43.81774510642303,-27.029903400644642,150.0000014902389
7.25,1.1315692831253361,-0.26934738256729135,0.11403211690244483,8.61861733992132,0.582067546093324,0.515606872911512,11.228598307910671,2.061256292242162,6.00863637193197,-0.8971212000555131,0.6108652381980153,18.95,52.53111864415523,74.45585876763502,123.68337233837488
7.5,1.124106958340717,-0.2751571542425284,0.1140693156951023,8.897902769056849,0.6632673964664842,0.5441441492772734,11.464614767182255,2.2163255147219116,6.331190770931443,-0.889790721788943,0.6108652381980153,18.95,36.599661188711885,16.834227352617237,-4.344152973441268
7.75,1.1147659672408015,-0.27804189566082954,0.11577249951206535,9.173262807310202,0.7505030582857465,0.5730973364592985,11.693939359609782,2.377214378307558,6.652586255010623,-0.8762082617360656,0.6108652381980153,18.95,48.874746400903774,105.53296494357795,61.03389988485999
8.0,1.1060727255977465,-0.2824404084667538,0.11617065004803634,9.445126945792563,0.8431969996175056,0.6020330235614729,11.917684881642117,2.542154695932424,6.97256900994301,-0.8557606966974133,0.6108652381980153,18.95,48.27379872374949,4.102991565722669,-41.94888176382593
8.25,1.0972433976365856,-0.28631001845731163,0.11644090878504149,9.713010586548151,0.9416074657594087,0.6310721272253523,12.135196804254713,2.7116396481652467,7.290824368841587,-0.8284247166464291,0.6108652381980153,18.95,19.89534885366634,-92.64457734267258,115.20138554502886
8.5,1.0882935169693457,-0.2898425811729836,0.11662215599463946,9.976727282607962,1.045642211944061,0.6601893160977608,12.346355715961998,2.885441409639719,7.607098849253928,-0.7941569857515975,0.6108652381980153,18.95,32.68301650223125,-114.82646660997443,41.280826732955866
8.75,1.0792793697738676,-0.29298570077824637,0.1166798168823969,10.23607713759782,1.1552492182406517,0.689343058472447,12.551069186352999,3.0633403623427102,7.9210850888426405,-0.7528419258614067,0.6108652381980153,18.95,33.08701424868242,4.856800684194556,-71.3863051426419
9.0,1.0702096233534557,-0.295631961140308,0.11667914987832897,10.490848920367538,1.270366376749645,0.7185231885757783,12.74918500769045,3.24518741086851,8.232512833044629,-0.7044546573692195,0.6108652381980153,18.95,30.472485509313604,34.86826619560441,38.757061714310844
9.25,1.0611351547164474,-0.2979550900971367,0.11655882399954465,10.740901429416569,1.390860663791589,0.7476862252564876,12.940693631757052,3.4306925849365717,8.541109227076086,-0.6489712573533929,0.6108652381980153,18.95,74.99999922628082,16.538523066840213,150.0000014960808
9.5,1.0520635743428,-0.2999737654855216,0.11639766689344051,10.986071173445964,1.5166204810472217,0.7768319633941329,13.125485118578052,3.619691561986737,8.846657228313875,-0.5864505998922932,0.6108652381980153,18.95,21.807329943782726,15.843228563991978,-23.863607001301727
9.75,1.0480961121357375,-0.29959186150184025,0.11109855896880366,11.226409812709262,1.6482410303685302,0.8051892286187112,13.305334275188699,3.811126390091644,9.147485350229825,-0.5146443293545834,0.6108652381980153,18.95,57.996272568064185,-47.738234374424565,150.00000146815924
10.0,1.034035752226865,-0.3030830305320471,0.11589666541271655,11.461170368423243,1.78344032994123,0.8349786198478347,13.474750963039224,4.007286814972505,9.447589773807264,-0.44040615509004494,0.6108652381980153,18.95,42.16993810233447,-106.42544526614321,-106.79003625991245
10.25,1.0256719403664587,-0.30443481069754963,0.11493632891917066,11.690918985432777,1.9242437913124169,0.863858086035802,13.639445379146444,4.205306020406837,9.74239259171911,-0.35681843778200384,0.6108652381980153,18.95,47.30148523929994,-43.063725893051924,-5.912150340571486
10.5,1.0162268832573356,-0.30512620632180915,0.11521034386595407,11.915096346898242,2.069692936409089,0.8928430129875193,13.796697129300927,4.406267030183943,10.033495564495558,-0.2668811573657655,0.6108652381980153,18.95,38.84158815111166,-29.990058056867376,20.444472260790477
10.75,1.0074664600747711,-0.30580624916391497,0.11481881182622818,12.13385173509887,2.2197290851500493,0.9216443690325545,13.947384961639159,4.609519292727773,10.320318508558582,-0.17006112242767427,0.6108652381980153,18.95,36.705754778591356,-151.61381527170784,-52.487061193435586
11.0,0.998807934627983,-0.30629900975487273,0.11438410492202852,12.347011537838544,2.3741505246293517,0.9503423642083939,14.091225250909991,4.81499433838411,10.602797824767098,-0.06669328912540534,0.6108652381980153,18.95,32.92914313801923,-77.30848001214953,146.548596390235
11.25,0.9902546947940402,-0.30658661468533527,0.11395776413886889,12.55448551785839,2.5327975628189185,0.978943905727537,14.228183476316618,5.0225234802348835,10.880787559400163,0.04307164540295349,0.6108652381980153,18.95,38.68111429319943,6.904409719223657,150.00000142877516
11.5,0.9818020557983179,-0.3067092834288793,0.11349296977599757,12.75620664002363,2.695492926885472,1.0074301930562903,14.358312111488573,5.231879738533508,11.154101168558684,0.1591061152374375,0.6108652381980153,18.95,75.00000032694474,-30.013898311418657,150.00000149557138
11.75,0.9738177412819339,-0.3069262855998857,0.1125711072315193,12.952181732732376,2.8620822282459923,1.0357338725149976,14.48186603040866,5.442792585772115,11.42249743505609,0.281371870719869,0.6108652381980153,18.95,30.954912523392686,-56.89476073487355,-60.020658048392725
12.0,0.9707752398616454,-0.3044217485581446,0.10778990654725967,13.142208095504472,3.0330318957477465,1.063353869513883,14.60003880960347,5.655002454131194,11.684377381405474,0.41106133736429934,0.6108652381980153,18.95,74.99999955485049,-18.572348067455266,150.0000014944076
12.25,0.9572586031664458,-0.30626710523212236,0.11206650679317536,13.326290703797063,3.2061629993905925,1.0922000205179927,14.70789165922786,5.869089735137383,11.944689748366267,0.5432362636438022,0.6108652381980153,18.95,27.250676256041974,-53.05493086714158,-137.16378019856114
12.5,0.9533872630538665,-0.30586317217592335,0.10784331032562688,13.50471708843564,3.3837689986823105,1.1196608156530383,14.812680252004956,6.083626839892797,12.196753924866325,0.6839111574718244,0.6108652381980153,18.95,67.6356856909933,-27.283557732076307,150.00000148915268
12.75,0.9415629232425884,-0.3053989059232676,0.11109963389782956,13.676661344054114,3.5636867946478956,1.14811539869974,14.907282075727556,6.2996642460855945,12.446040612380674,0.8277093432101963,0.6108652381980153,18.95,14.791749517357113,64.21556701097717,136.81929947705052
13.0,0.9365310464856929,-0.30424630387053286,0.10887801609453938,13.842941008140514,3.747426522833614,1.1756331372886468,14.997817429252436,6.516227789078579,12.688064587028592,0.9786252565886502,0.6108652381980153,18.95,41.17685987400597,-133.34747610232412,150.00000147643684
13.25,0.9264046231747247,-0.30416136005073796,0.11010295319389501,14.003004674979676,3.933239305974088,1.2035334361044934,15.080191271156357,6.733180204817724,12.925818078802994,1.1332984071304542,0.6108652381980153,18.95,54.79860253833652,57.041668542081844,150.00000148927825
13.5,0.9200466947811292,-0.30345345440507404,0.10874167682009547,14.157182908974992,4.122230041109744,1.2309328719892325,15.157257990214994,6.950630619507861,13.15710782773499,1.2938294627116274,0.6108652381980153,18.95,13.230788647261827,43.86479457791176,90.69234444507144
13.75,0.9138566264478644,-0.3032949256436525,0.10725023980704174,14.305428180060334,4.313679480404792,1.2581893008697997,15.228049245838337,7.168284596525525,13.382807114282333,1.4590743642840596,0.6108652381980153,18.95,30.18350312313589,5.606890608521689,1.3493923463572741
14.0,0.9046607213797258,-0.3018200423106012,0.10865835706297929,14.44724934272639,4.507109075667692,1.2857550840618281,15.290840433103012,7.386059244086246,13.603658252349769,1.6281589072491378,0.6108652381980153,18.95,52.12136161272686,27.89852663300989,150.00000149075788
14.25,0.8976629831654648,-0.3009337063360517,0.10819450720218443,14.583249306378383,4.7029311573059704,1.3129245689431854,15.348319084427516,7.603735913700534,13.818179528329248,1.8021264009114066,0.6108652381980153,18.95,33.564735504037664,-41.934822369080365,141.56392797929126
14.5,0.8936128161156071,-0.3002347580683015,0.10552255012029847,14.713390815497345,4.9011290392079685,1.339645310591836,15.40068504970163,7.821339072001765,14.026096581293055,1.9809190064141726,0.6108652381980153,18.95,50.23111829465366,87.620291925929,150.00000148684262
14.75,0.8840587722787264,-0.299061954193798,0.10725797657638858,14.837187250576259,5.100382556140549,1.3669032445088554,15.444637136978002,8.038239706430623,14.229737364174513,2.162525405850475,0.6108652381980153,18.95,49.446033533392594,-28.558128442854642,150.0000014886018
15.0,0.879234038967777,-0.2985106811305051,0.10528097100636341,14.955304935445197,5.301917377178504,1.3934959858219724,15.484423580689326,8.254887654586492,14.426186290201068,2.3489470997705144,0.6108652381980153,18.95,38.67123699487969,-36.262569653242416,150.00000136169135
15.25,0.8740148709133106,-0.2957095427432048,0.10475832632442397,15.067057797894114,5.504985719465016,1.420191421602446,15.517166451461625,8.471027222880577,14.616949144326602,2.538944216049455,0.6108652381980153,18.95,48.7614606000477,-12.225691314803099,12.040682568292548
15.5,0.8648365565952709,-0.2959815277787443,0.10566146600053468,15.173199999088526,5.708684344786934,1.44697954977127,15.543701965015087,8.68571781675942,14.802698033161965,2.731650872814448,0.6108652381980153,18.95,28.015398339852116,-94.4753233915602,118.39484841556018
15.75,0.8583202556961148,-0.2950552091958456,0.1054898088164113,15.273345723728706,5.913994612594707,1.4735016013147988,15.56476960932536,8.89980641492041,14.981921838132054,2.9281828102690044,0.6108652381980153,18.95,38.39795892812027,-131.20097658290933,-73.32438782456455
16.0,0.8522165048351187,-0.29400262373096187,0.10505890425718613,15.367600408605611,6.120400042039785,1.4998743646511838,15.580187973824685,9.112858316955949,15.155012843386537,3.127941767123621,0.6108652381980153,18.95,32.34940837114091,9.776937583697737,-12.990396220327174
16.25,0.8462454109012545,-0.29295848121162527,0.10464856783934941,15.456015928169643,6.3277127532954545,1.5261443148595506,15.589927454773896,9.324722546913508,15.322104401565388,3.3307029596774016,0.6108652381980153,18.95,46.41941760398835,-146.5511919362785,132.20787674095484
16.5,0.8404184589711532,-0.29192433148356967,0.10423404081259666,15.538632386282222,6.535796832837655,1.552306105404273,15.594099889713066,9.53528401501783,15.48316488285138,3.536309650657479,0.6108652381980153,18.95,20.998821058151904,-108.8610296008159,150.00000139918887
16.75,0.8347250848121843,-0.2908540553441313,0.10382013052003884,15.615478283191882,6.744516126611832,1.578363027262604,15.592778398403691,9.744430244587646,15.638178167980074,3.7446020086360177,0.6108652381980153,18.95,21.813406837675853,56.73425836804505,138.36363158710702
17.0,0.8295503697042508,-0.2896114407421165,0.1031287812653149,15.68658524670195,6.953801036365024,1.6042780369124245,15.586158882213063,9.952119656077668,15.78701161119084,3.9554824166523783,0.6108652381980153,18.95,20.70651697572607,-0.40606885746539906,129.30926048448893
17.25,0.8237583018617851,-0.2887751833814548,0.10303659046472767,15.7520827692973,7.163349890794924,1.6301814561380026,15.57403207641357,10.158061554839332,15.930133462181029,4.168638226750517,0.6108652381980153,18.95,39.712475706407005,-68.33029603544398,93.14697477066134
17.5,0.8184739365233373,-0.28772398925328974,0.10265313446645567,15.811922255177832,7.3732114964544815,1.6559424887729668,15.556792306635419,10.362343261592489,16.067052203720245,4.384079731316474,0.6108652381980153,18.95,37.1696489089393,34.69339737040448,102.48734678929203
17.75,0.8133175389761751,-0.2866776904452874,0.10228123402129716,15.866188323648801,7.583206555220777,1.6816092829432765,15.534429402069463,10.564806128931627,16.197947245228136,4.601606981509927,0.6108652381980153,18.95,43.833948506452884,-124.02801766997561,150.00000147706535
18.0,0.8082766700221342,-0.28565637886823053,0.10191412278940215,15.91493698226395,7.793213812488058,1.707181606603889,15.5070484111567,10.765355618250378,16.322825553371196,4.821072006725737,0.6108652381980153,18.95,28.51007371381267,-47.532804652945856,131.69096546720064
18.25,0.8050047736631708,-0.2836293974996362,0.10073436515211036,15.958031239270907,8.003350148151512,1.7325418060195423,15.474907796005215,10.964193227169227,16.4411546825366,5.042507069133796,0.6108652381980153,18.95,30.62099443680268,-142.79806261697533,0.7409051567873675
18.5,0.7985618756385457,-0.2836063552479747,0.1012024063710849,15.996068393656541,8.212802964784846,1.7580531403740673,15.437575292404121,11.160358809184316,16.554561494908963,5.265247120385373,0.6108652381980153,18.95,62.981791781068765,-95.81459357966213,150.00000149397238
18.75,0.7938684106517732,-0.28258715400419454,0.10086300252199347,16.028561978859006,8.422153309025742,1.7833578148686693,15.395668695593933,11.354634526697552,16.661455262124083,5.4896720913539285,0.6108652381980153,18.95,22.8600153019234,28.605314500938956,150.00000147034413
19.0,0.7926026463469263,-0.283797885187486,0.0965943742644939,16.055941900515585,8.631577291174882,1.8079715091429307,15.351068413412989,11.547593986459706,16.76081538761818,5.715560595890057,0.6108652381980153,18.95,40.019042871192674,-63.52140808752077,32.33438886611101
19.25,0.7857494557163284,-0.28048975034969414,0.09950946703249654,16.077656180214362,8.839548184882284,1.8336065704023854,15.298270206913228,11.736539297160927,16.857042153515497,5.942557072603641,0.6108652381980153,18.95,33.15753778346765,-23.995758528621213,150.0000014518579
19.5,0.7804238807616255,-0.2796191044178713,0.09987427747484004,16.09444459377579,9.047104604231777,1.858758679612712,15.24244738411849,11.923578270848122,16.94644180343309,6.170630937615433,0.6108652381980153,18.95,49.9804666401564,-91.90917130271261,140.40700466284383
19.75,0.7768603088271067,-0.2783205459127394,0.09911136535364778,16.105990502932446,9.25412410194781,1.8836626815394029,15.182629186811894,12.108489859851327,17.029351819052998,6.399758344044292,0.6108652381980153,18.95,35.49797960307904,-114.2523867302935,150.00000148601757
20.0,0.7719598862779355,-0.2776776073058332,0.09924790548660481,16.11260671650547,9.460091018473415,1.908619455699565,15.118304571840385,12.290526187332782,17.10690886117056,6.62965584961405,0.6108652381980153,18.95,51.72746230185886,5.333114411775117,150.0000014949321
20.25,0.7695078317874303,-0.2771896765182362,0.09750032538585465,16.11412987873674,9.665437296723118,1.9332192954163858,15.05050734184138,12.470558880364061,17.1777524156321,6.860315713082174,0.6108652381980153,18.95,19.509512821355077,-83.15567761182919,-77.66547454583814
20.5,0.768849243382195,-0.2770813678952462,0.09395958187540251,16.11064900173581,9.869973048184368,1.9574527116335532,14.979367734563866,12.648498321516579,17.24193026890775,7.091447774852156,0.6108652381980153,18.95,42.52474664795788,-76.18582736521425,73.26673958054916
20.75,0.7599587479041926,-0.27483806473736055,0.0983762406253373,16.10242134784244,10.0720743489354,1.9828424248824268,14.90096631350886,12.82098427843009,17.303876382176018,7.323164419440708,0.6108652381980153,18.95,16.714244928574672,-138.17357011324384,44.64528606942603
21.0,0.756131647835578,-0.2739053083585318,0.09809345422357445,16.089293323356944,10.273681144247693,2.0074362320554835,14.82060227833894,12.992214394419774,17.357984368374947,7.555147894075611,0.6108652381980153,18.95,10.718684156598925,-42.46608642975711,34.57784204987749
21.25,0.7523889708133467,-0.27297845978253094,0.09782248008003361,16.071403914825947,10.47393953562875,2.031961576835503,14.736428123204973,13.160543271907319,17.40637970644692,7.787335799350183,0.6108652381980153,18.95,10.71556188006121,29.723706897266933,-47.15400078231959
21.5,0.7487248054933086,-0.27206904175734875,0.09755823565028086,16.048821940793797,10.672759038790602,2.056418824035111,14.648545010397049,13.325912731700164,17.449098871190543,8.019605345881038,0.6108652381980153,18.95,34.00013472875169,-23.12531384578841,51.26990146462371
21.75,0.7451372480602402,-0.27116302958436844,0.0973030252231602,16.021608570541638,10.870049182530325,2.0808104480245833,14.557039857361985,13.488262024217436,17.486177283721286,8.25183634084321,0.6108652381980153,18.95,22.92540923721063,-6.887508939389338,-2.4707060167913677
22.0,0.7416239654638237,-0.2702513539390618,0.0970506192689992,15.989828566959554,11.065721468198584,2.1051365726236533,14.46200847888157,13.647535903526167,17.517648655037537,8.483907032871,0.6108652381980153,18.95,25.649229256573793,-87.10975348308295,118.83415387580358
22.25,0.738185785940562,-0.26935493219966766,0.0968086292143373,15.953552644881082,11.259693865407524,2.129400852720484,14.363542569198964,13.803680492579407,17.5435627205632,8.715707238235643,0.6108652381980153,18.95,37.13004327798492,-36.23039029496923,-54.25346509957606
22.5,0.7348157089543385,-0.2684560679557713,0.09657089743602974,15.912845154238983,11.451879266847545,2.1536036873103814,14.261735075153995,13.956641831791382,17.56395523332397,8.947116701903708,0.6108652381980153,18.95,32.56174031648958,-110.34065178008197,55.16984608484016
22.75,0.7315146480056877,-0.2675682780042168,0.09634601671610885,15.867776949979698,11.642198272142075,2.177749133083531,14.156675415879159,14.106367815821827,17.57887848408024,9.178028728462323,0.6108652381980153,18.95,-35.67973840744625,-200.0000018853495,-150.00000149551806
23.0,0.7282819841828961,-0.26668073729321934,0.09612357633830831,15.81841403085397,11.830568881270665,2.2018361603984418,14.048460070536743,14.25281225846408,17.588367991171197,9.408325504077249,0.6108652381980153,18.95,19.52671969822733,-35.4996371459428,-19.50462633971446
23.25,0.7188394526684044,-0.2709202352590146,0.09692878940859823,15.765980267627876,12.01651007146784,2.2260105365459766,13.937992943773365,14.39526233764169,17.593967591482386,9.63775780529399,0.6108652381980153,18.95,30.86487104909534,21.25131675880211,150.00000146651712
23.5,0.7220069326246439,-0.26492067736882846,0.09570618615217477,15.707086572184853,12.201153154323249,2.24984774893047,13.822921113286418,14.535659638249578,17.591252031083286,9.866646670396918,0.6108652381980153,18.95,28.174242242807765,-85.98395877483776,150.0000014825616
23.75,0.7198758218360243,-0.2637491392031242,0.09500217726310783,15.6451461229598,12.383300046461748,2.2737013391069385,13.705835597626686,14.672202553413978,17.584456648292914,10.094397539509517,0.6108652381980153,18.95,16.499249387614505,19.573412133563284,150.00000145190774
24.0,0.717402158754067,-0.26319946575310765,0.09431025662789323,15.579291441620283,12.56318869489621,2.2975055741153763,13.586049909655811,14.805283294874526,17.572532973584757,10.321094094917893,0.6108652381980153,18.95,17.833271260483055,11.992867461703607,119.29776306546145
24.25,0.7137346662961646,-0.2620099347712097,0.09479078405621719,15.509545288284988,12.740555896017321,2.321433010118934,13.463231860475219,14.934320093729882,17.555858716094754,10.54679169830476,0.6108652381980153,18.95,18.446995371146304,-68.34810941261526,54.89698132031765
24.5,0.7101877854682689,-0.261428074309391,0.09495853502159224,15.435992443290138,12.915586405433249,2.345267407199493,13.337978124674864,15.059959488384436,17.534006761905413,10.771213322482064,0.6108652381980153,18.95,15.882735820574528,-84.32968576001534,2.4809908142091075
24.75,0.7073728663567123,-0.2605564056903226,0.09478987601063599,15.35854542869715,13.088203952210632,2.369007636131331,13.210219175041871,15.18217011904702,17.50687168235243,10.994237785374244,0.6108652381980153,18.95,19.866746606063877,-24.261802628181954,-53.077331380447674
25.0,0.7046172898209083,-0.25968370739256424,0.09463517555501211,15.277372790352226,13.258288734228978,2.392707601428542,13.08002757356929,15.30075635901062,17.474718007135163,11.215821109447337,0.6108652381980153,18.95,31.91548353913242,-14.001330691040241,89.68035831850912
25.25,0.7019116755546142,-0.2588358661510554,0.09447783561037985,15.192554198126292,13.425776930222192,2.4163646390814093,12.947509604102137,15.41569521267575,17.43759879215045,11.435858647768633,0.6108652381980153,18.95,26.04218367149534,68.58359979690314,-79.16377124739296
25.5,0.6992607273294079,-0.2579498766352839,0.09433495668172287,15.104153818193598,13.590595429955552,2.4399850711483846,12.812737119025575,15.526934633394331,17.395570517361623,11.654256226516774,0.6108652381980153,18.95,21.67013546045413,-106.08690579317775,-121.41438006766391
25.75,0.6966643843921302,-0.2570811084099459,0.09419657618072722,15.012252932506671,13.752689688560203,2.4635687336997583,12.6758116970212,15.634455442612262,17.348694167992143,11.87092393450814,0.6108652381980153,18.95,47.45668546128191,35.202482768606565,150.00000149196634
26.0,0.6941154057870169,-0.2562235461286094,0.09406847021809299,14.916927924127213,13.911997111420805,2.4871187843751366,12.536822976862966,15.738222847743796,17.297032871391462,12.085771375097812,0.6108652381980153,18.95,14.092208879535876,-110.103689600565,-24.475749468047837
26.25,0.6949710294223399,-0.2551252733110771,0.09168318872360269,14.817839526955046,14.068753357601421,2.510302129715596,12.39603993610802,15.839314495143181,17.23963911780207,12.29819222005966,0.6108652381980153,18.95,13.442463526890274,-39.64342249703829,-108.80641799078643
26.5,0.6891713046236259,-0.2544943669741961,0.09383350334702609,14.716296318961637,14.222006069203108,2.534123107875219,12.253011297857817,15.93438070835355,17.179581340065457,12.509631430052664,0.6108652381980153,18.95,4.240521016069826,72.69240534620478,92.63663667110254
26.75,0.6867707970416808,-0.25361150617834866,0.09372286339649345,14.611141674242484,14.372588858506994,2.5575801082328797,12.10837082070185,16.026716439642055,17.113912527783118,12.718461277371935,0.6108652381980153,18.95,27.69159757187045,28.17012895435405,-31.497622086335078
27.0,0.6844212153866654,-0.25276170846506557,0.09362488148490333,14.502869168715813,14.520160469217993,2.5810117719203873,11.962029933425404,16.11519525893546,17.043708404006225,12.925125679500526,0.6108652381980153,18.95,-0.27578782206551083,-77.22689457637551,116.07137764874764
27.25,0.682114983769584,-0.2518952229241184,0.09353307764074212,14.39155054297625,14.664654633206013,2.604418249712521,11.814076554594308,16.199785845583147,16.96902453135819,13.129523420828882,0.6108652381980153,18.95,14.215780710355778,-91.32825803209944,104.06623098606217
27.5,0.679858710025029,-0.2510362434933083,0.09345196481225819,14.277265194461307,14.806025747406606,2.6278026513268906,11.664601041131041,16.28047005693581,16.889929347791572,13.331581437877404,0.6108652381980153,18.95,23.749561461362983,-196.5833338050707,150.00000146148295
27.75,0.6776503011620291,-0.2501801186990881,0.09337407660645093,14.160090870556182,14.944221625674425,2.651164567195872,11.513696942866384,16.357232304859856,16.806484798245982,13.531210946488994,0.6108652381980153,18.95,28.94980947580559,66.72316943740188,-51.84032895205302
28.0,0.6760955814391431,-0.24931336635048318,0.09299367610412845,14.04002592679468,15.079235241927728,2.6744631250048476,11.361432095404822,16.430210847347826,16.718619758184538,13.728259636507627,0.6108652381980153,18.95,19.874348704803865,-76.2979708972381,59.02673118499571
28.25,0.6733684142068426,-0.2484505572575292,0.09323426329268349,13.917389490253862,15.210885422386058,2.697830205093194,11.207961426648739,16.4989069936961,16.626817553858984,13.922863851076016,0.6108652381980153,18.95,13.888522254559403,79.58306858547921,-2.0422309827224434
28.5,0.6712887421222751,-0.2476116715326659,0.09317807189167586,13.792025596717913,15.339266551449034,2.7211390050609605,11.053313997417314,16.563790449074716,16.53073719601851,14.11474265382335,0.6108652381980153,18.95,49.262128368841275,-145.30151941340992,150.00000149168687
28.75,0.669266404980681,-0.2467513830207169,0.09312670255384188,13.664083991419554,15.464280273966649,2.7444328670733666,10.897594065224201,16.62468256983701,16.43057391761491,14.303877978096285,0.6108652381980153,18.95,39.73494906719631,-27.68315589239869,150.00000149101152
29.0,0.6703264126937141,-0.24569035719985868,0.09104848378025601,13.533213423332462,15.586023288691017,2.767416740626394,10.740785984257439,16.68254004528934,16.325640862407486,14.489506532092694,0.6108652381980153,18.95,12.335588822682833,-1.9311801375664768,-142.82368294996755
29.25,0.6684272744061792,-0.24456054387516227,0.09122831624958473,13.40034780406733,15.704160148153571,2.7907192769645093,10.583129177012143,16.735314456379694,16.217566431122513,14.67300583992745,0.6108652381980153,18.95,28.978247789106863,-153.6962170677471,-137.241345810254
29.5,0.6634454190005494,-0.24421345829772648,0.09300632006081387,13.265639517591616,15.818722066723023,2.8142423559011265,10.42494660046537,16.78332755633527,16.10633243471786,14.854116577110778,0.6108652381980153,18.95,30.83618969500672,-52.5373457713836,143.71321459644102
29.75,0.6615910743152505,-0.2433941268245609,0.09297744147145677,13.12822028715328,15.929873410843706,2.8374933084849525,10.26586920861628,16.828175310651382,15.99057136569028,15.031571511036034,0.6108652381980153,18.95,55.705227861037585,-17.774992362443417,150.00000149510927
30.0,0.659743555166633,-0.24259285767544422,0.09296401494126387,12.98863854770838,16.037458941265673,2.8607367266165706,10.10618290957038,16.868993362782188,15.87109418584638,15.205924519749152,0.6108652381980153,18.95,56.75923682833634,-20.217236406282307,150.00000149454416
30.25,0.6632797275181379,-0.2424935464065607,0.08874380420379765,12.846204658232844,16.14173323857717,2.8833450631123627,9.945687644885506,16.907893179635582,15.746721671580183,15.375573297518754,0.6108652381980153,18.95,23.318043977672584,22.004772039082777,84.20449542734681
30.5,0.6615454343446827,-0.23991794532372737,0.08953303789110507,12.702457554204594,16.24184310680453,2.9067069147810902,9.784834734501276,16.940038696841064,15.620080373907912,15.543647516768003,0.6108652381980153,18.95,16.154061442379433,-91.850586131606,78.13902604959759
30.75,0.6546085684410514,-0.24011435741134698,0.09292340610905238,12.557681973607815,16.33849119593921,2.930442133312656,9.624310683226396,16.967246214023397,15.491053263989235,15.70973617785502,0.6108652381980153,18.95,24.013223169012686,-80.82792978587278,56.448946715074705
31.0,0.6529659741947654,-0.239319356361569,0.09291069806452673,12.410247704972562,16.431490378934836,2.9536677873667347,9.463065621076932,16.991952477889498,15.35742978886819,15.871028279980171,0.6108652381980153,18.95,18.197861492545933,-89.85418824444373,-32.73597640097943
31.25,0.6513673837884227,-0.2385274768795112,0.09291127662224485,12.261057236503436,16.520765580357928,2.9768948766812917,9.301653383072283,17.01262819562448,15.220461089934592,16.028902965091376,0.6108652381980153,18.95,5.310303720409527,-13.767930541848433,-40.584958341064954
31.5,0.6498121038337986,-0.2377408566006514,0.09290559195576802,12.11019526804058,16.606289843085996,3.000118905187096,9.140167459531908,17.029296718544508,15.080223076549254,16.183282967627484,0.6108652381980153,18.95,7.58284730436789,-136.18197809433119,-105.73213838611991
31.75,0.6482966004762712,-0.23697131094591659,0.09291345446363859,11.957745977778165,16.688040255092993,3.0233463378400884,8.978694838238845,17.041953108786483,14.936797117317488,16.3341274013995,0.6108652381980153,18.95,21.7535202272602,4.694924439441958,-60.24163910782498
32.0,0.646822391948536,-0.23620635697426937,0.09292177397436888,11.80379268143285,16.76598972549409,3.04657440994156,8.817325195286559,17.050615715507405,14.790260167579142,16.481363735480777,0.6108652381980153,18.95,23.200712106078964,-6.436153884617438,22.1332901867815
32.25,0.6453851035472079,-0.235450732748506,0.09292792795580246,11.648420948956133,16.84011711265236,3.069803068201376,8.65614824624641,17.055300923889046,14.640693651665856,16.624933301415677,0.6108652381980153,18.95,24.85375687225586,-8.855154964307298,58.342101907026404
32.5,0.6439894056507769,-0.2347068007604001,0.09294956479146234,11.491712732261478,16.910402189785493,3.0930380804801803,8.49524835741763,17.056008681027002,14.488177107105326,16.764795698543985,0.6108652381980153,18.95,32.96655894581236,36.45757388372765,67.68368573037068
32.75,0.6426305957860012,-0.23398829619326864,0.09296028148700822,11.333754313274444,16.9768300644178,3.116272565839253,8.334715922163838,17.05278221148882,14.332792704385051,16.90087791734678,0.6108652381980153,18.95,53.97860928078073,39.190004830706194,150.00000149337163
33.0,0.6413068864351064,-0.23327016541860407,0.09297379717814624,11.17463028521229,17.03937683400282,3.139510774328331,8.17463678654074,17.045622467275546,14.17462378388384,17.033131200730093,0.6108652381980153,18.95,75.0000002691594,104.91593664711462,150.00000149586594
33.25,0.6447913243915804,-0.23055239591668183,0.09056938483243782,11.013677909573262,17.097740861850916,3.1623994221847025,8.014327268575002,17.035325059818675,14.013028550571523,17.160156663883154,0.6108652381980153,18.95,10.792113733784737,-7.973027407577905,22.961539860481267
33.5,0.6451504293121302,-0.23039729092339337,0.08814291991200977,10.852420689820924,17.15252878057044,3.1852715415535457,7.855282002746295,17.021533778984267,13.849559376895556,17.28352378215661,0.6108652381980153,18.95,5.163386121067401,-96.43193415131982,-17.31545885099508
33.75,0.637505234176671,-0.23119979909446747,0.0930324052117773,10.691125452466217,17.20360720329941,3.209252122785754,7.697989538987776,17.00078362615475,13.684261365944659,17.406430780444065,0.6108652381980153,18.95,29.74220160463646,85.6129522086961,38.636047505009174
34.0,0.6362970722599545,-0.2305310897948037,0.0930521307197317,10.528203720523681,17.250504849591465,3.232507797769996,7.540593528095808,16.97813499424539,13.515813912951554,17.522874704937543,0.6108652381980153,18.95,3.8220630160220987,26.275045724454642,142.5911852282024
34.25,0.6351114490649148,-0.22985561828056883,0.09307708058892813,10.364554257589159,17.293457611637262,3.255770055159213,7.384087741638501,16.951669157619456,13.345020773539815,17.63524606565507,0.6108652381980153,18.95,22.75763266807562,23.143126268085528,-66.9437419056526
34.5,0.6339433970919381,-0.22920732996890236,0.09309265779629361,10.200264516904474,17.33246565791726,3.279037946323914,7.228556748008258,16.921426807827935,13.17197228580069,17.743504508006584,0.6108652381980153,18.95,22.158367762154313,-19.97120754820142,-82.03575200949359
34.75,0.632826077355537,-0.22853401112853858,0.09314055846843824,10.035416429529876,17.367509691706427,3.3023165158215217,7.074081328596225,16.887411347635673,12.996751530463527,17.84760803577718,0.6108652381980153,18.95,10.349691545696064,1.372889003072617,-115.99805524644263
35.0,0.6317214793077109,-0.2279025806286435,0.09317399428056902,9.870104810318352,17.398600680933484,3.3256005294168167,6.920750016381124,16.849686935904273,12.81945960425558,17.947514425962694,0.6108652381980153,18.95,21.235943334519526,48.116657301255756,43.23117586753417
35.25,0.6306439167021747,-0.2272233684858565,0.09320666725445916,9.704417959354625,17.42571089853226,3.348892059421655,6.7686470199302695,16.80825726362606,12.64018889877898,18.043164533438457,0.6108652381980153,18.95,10.443607690577885,9.37022150492414,-58.95077253663773
35.5,0.6295952797208983,-0.22658824389278903,0.09325141598308813,9.538438318575077,17.4488616357471,3.3721956175958816,6.617852051243961,16.763167932205036,12.45902458590619,18.134555339289165,0.6108652381980153,18.95,25.32730211904446,-115.22579212381326,15.562889984970548
35.75,0.6285743914838229,-0.22593805720644794,0.09329021143081062,9.372258043401395,17.468036654942104,3.3955066510198777,6.468448050906383,16.714453529144958,12.276068035896408,18.22161978073925,0.6108652381980153,18.95,10.190740290388073,-36.1340509003202,90.74656378382848
36.0,0.6275826893182115,-0.22529869366495814,0.0933441798479719,9.205962201672287,17.483242247514582,3.4188317328831594,6.3205178902751245,16.662138645144115,12.09140651306945,18.304345849885046,0.6108652381980153,18.95,61.35280515204416,70.23492336669962,150.00000149456935
36.25,0.6266184541480465,-0.22465195545934374,0.09338875915091424,9.039641155494014,17.494475876429743,3.442164661585696,6.174139276722341,16.606276021241726,11.905143034265688,18.38267573161776,0.6108652381980153,18.95,7.8954386920101,30.14988564388617,51.40239019215397
36.5,0.6312618921374975,-0.22178852645311076,0.09045364028461814,8.872641295097926,17.50117294454355,3.465073207792394,6.028236881018606,16.547567402840862,11.717045709177247,18.45477848624624,0.6108652381980153,18.95,75.00000025197512,157.1889666487852,150.0000014957198
36.75,0.6247763716433395,-0.22335046188298122,0.09348945806350298,8.707271829734276,17.505046038668393,3.488867708305677,5.886361024088685,16.48403564372035,11.528182635379867,18.526056433616436,0.6108652381980153,18.95,13.90668806459219,-149.34068109276438,-33.15309431274736
37.0,0.6307240212931984,-0.2183999918564794,0.08950767100960082,8.540767299397482,17.50345796672643,3.5116426751478858,5.743839531780609,16.41847176278939,11.337695067014353,18.588444170663468,0.6108652381980153,18.95,18.706723082533234,107.56432265183754,16.594216831255828
37.25,0.6230546305528113,-0.22206341693826265,0.09359236894975455,8.375845072515535,17.499799396714735,3.535620487959502,5.6057343962108135,16.348067292002902,11.145955748820256,18.651531501426575,0.6108652381980153,18.95,22.959849068634107,-57.419974512349846,107.0476515303721
37.5,0.6222380827625614,-0.22139984265053236,0.09365022593772857,8.210706444602751,17.49125959767828,3.559018269863705,5.468299508694887,16.275034208252148,10.953113380510615,18.70748498710441,0.6108652381980153,18.95,26.118784732504036,-62.24032800499946,-59.841398425348586
37.75,0.6214506092406873,-0.22076152287249726,0.09371372875855341,8.046062913637114,17.47880004979543,3.582431475294306,5.332880740560348,16.19870532841797,10.75924508671388,18.758894771172894,0.6108652381980153,18.95,74.99999259230086,30.749723050165667,150.00000149574288
38.0,0.6206966331837976,-0.2201179832182775,0.09376202906105627,7.882002994855723,17.462425522791506,3.6058542689386512,5.1995457035675665,16.11913743737754,10.56446028614388,18.805713608205473,0.6108652381980153,18.95,18.39938450884459,-50.46352228717973,-119.7773314366773
38.25,0.6260102091554453,-0.21953909334584795,0.08941603177067962,7.717813382614857,17.441696031498047,3.628640299174353,5.066657985719426,16.03763938680303,10.368968779510288,18.84575267619307,0.6108652381980153,18.95,22.940103648229908,-55.97038449474215,-27.93419563399666
38.5,0.61928101380353,-0.2188132007152401,0.09388016377947095,7.555981945876538,17.41799271093996,3.6527495581562053,4.939444498177782,15.950432904733182,10.172519393575294,18.885552517146735,0.6108652381980153,18.95,34.963076641967554,-157.9267368520505,-112.44063026206578
38.75,0.6186270922209752,-0.21817697280041462,0.09394152729143283,7.394186740031652,17.389973675341988,3.6762200356706325,4.812811103663771,15.861412317735958,9.975562376399534,18.918535032948014,0.6108652381980153,18.95,28.37593620613556,-20.842675062893836,80.08376772220703
39.0,0.6180007116184998,-0.2175357544579033,0.09399762065794502,7.2333200141137235,17.358109757197163,3.6997041016748446,4.688549697493329,15.769354258182853,9.778090330734116,18.946865256211478,0.6108652381980153,18.95,74.99999973651128,106.60923405986252,150.00000149587055
39.25,0.6174084965321108,-0.21688326453320486,0.09407026599612113,7.0734648797374,17.322419864087166,3.723207994633061,4.566735939415773,15.674296683085252,9.580193820059026,18.97054304508908,0.6108652381980153,18.95,4.6302701608021435,-49.12908354677783,85.04260293095216
39.5,0.6233539900165295,-0.21602004071742678,0.08950083512251772,6.913955440343261,17.282375994411055,3.746033691175091,4.4454957830977415,15.577469275393465,9.38241509758878,18.987282713428648,0.6108652381980153,18.95,27.24202975079092,20.140858611403857,-57.64778590246528
39.75,0.6163243766222852,-0.21562622673863602,0.09418101205970494,6.757117402700757,17.239678149617276,3.7702518211736447,4.330667224352327,15.475495752019718,9.183567581049187,19.00386054721483,0.6108652381980153,18.95,56.16516384091768,50.74217834415885,150.00000149201838
40.0,0.6158330901036019,-0.21497641007249074,0.09423986018003558,6.600797325796112,17.192667430961453,3.793797563869554,4.216554877481025,15.371846751253402,8.985039774111199,19.013488110669503,0.6108652381980153,18.95,13.499282888690114,73.54157509531072,-3.0022739712550646
40.25,0.619642444207166,-0.21154719738852729,0.09251206821272502,6.4455276745581855,17.14120390616401,3.8170991159488614,4.10435658240969,15.265326000412085,8.786698766706682,19.017081811915933,0.6108652381980153,18.95,23.03940450838857,22.341462693791104,13.953055873879233
40.5,0.6149547825197474,-0.21373579136021262,0.09436258730972423,6.292261718395484,17.087531042547297,3.8409353044397463,3.9964652245275665,15.156386703368105,8.588058212263402,19.018675381726492,0.6108652381980153,18.95,75.00000045445005,186.32827841666284,150.0000014965388
40.75,0.6145697883607968,-0.21312768312249422,0.09441556061097642,6.140210679404948,17.029464007444062,3.864524023303587,3.890601874761362,15.044707038424916,8.389819484048534,19.014220976463207,0.6108652381980153,18.95,22.839486609761728,16.81996556266299,20.79465748184471
41.0,0.6235600058550049,-0.20384946079893823,0.08925506515514535,5.989716619506245,16.965917324535866,3.887344613342033,3.7859829582378857,14.930344198806221,8.193450280774604,19.00149045026551,0.6108652381980153,18.95,27.82576913192633,116.76718822493997,150.0000014881938
41.25,0.6138991333337704,-0.21192585750682832,0.09452368452792441,5.840948203645505,16.90250159818632,3.911745092803444,3.6875345747604578,14.81376759335657,7.994361832530552,18.991235603016072,0.6108652381980153,18.95,75.00000040357054,167.20130086005872,150.00000149639087
41.5,0.6156351431244704,-0.21108582660586248,0.09338830213177435,5.693685497086224,16.833446514073408,3.9352068340914608,3.5898653589449387,14.69476915964353,7.797505635227509,18.972123868503285,0.6108652381980153,18.95,75.00000023524525,34.499482865006925,150.00000149629005
41.75,0.6209577521883,-0.20695342048193385,0.08941507989931875,5.548398104819018,16.760243658942287,3.9582440469415503,3.4944010121033453,14.573671926042685,7.602395197534692,18.946815391841888,0.6108652381980153,18.95,57.62390728813346,57.855234165111206,150.00000149210805
42.0,0.6196246484459101,-0.20851745085961118,0.08950967411540442,5.4049918334857034,16.68470914300261,3.981906728338374,3.4033050755130563,14.450150993623419,7.406678591458351,18.9192672923818,0.6108652381980153,18.95,17.60146265375393,9.786761290589167,-91.31522699443302
42.25,0.6172690575459252,-0.20667406153600756,0.09287339350159665,5.263836237158586,16.605532376700122,4.006074005737513,3.3167319306023386,14.323256140266391,7.210940543714832,18.887808613133853,0.6108652381980153,18.95,13.862322032484604,-29.681024332814566,19.596237006526845
42.5,0.6128196097693062,-0.20909249698539226,0.09475639409256005,5.12465741448723,16.523737211282754,4.030020639375224,3.232758965908075,14.195493181919899,7.016555863066386,18.851981240645614,0.6108652381980153,18.95,69.31430529290685,49.6942808761406,150.0000014945084
42.75,0.6127040861983406,-0.20856119268387882,0.09479337127909125,4.987471306797442,16.437806570823163,4.053709231702907,3.151251317875405,14.065403537550118,6.823691295719479,18.81020960409621,0.6108652381980153,18.95,20.612853722937114,-15.5659818610224,8.469213466285908
43.0,0.6168398938677873,-0.20904292793222795,0.09166049264799686,4.851956769888368,16.348179485257532,4.076943421127572,3.0713482820546254,13.933757522746745,6.632565257722111,18.76260144776832,0.6108652381980153,18.95,55.759749894869394,123.3586397752652,150.00000149403954
43.25,0.6125683056903348,-0.2075403093556848,0.09487075453067945,4.719761227222984,16.256143915341983,4.101119063142008,2.998037578094335,13.799384326771413,6.441484876351631,18.712903503912557,0.6108652381980153,18.95,26.951966130892444,-77.02176345319248,-15.554526384887408
43.5,0.6178847561232801,-0.20398560915801736,0.09230036291807105,4.589259185507618,16.159555292137966,4.124456851427164,2.925334516174465,13.663287138516532,6.253183854840773,18.6558234457594,0.6108652381980153,18.95,28.90527450243732,-33.76143847635694,150.00000137610084
43.75,0.6125556909303833,-0.20658365508958781,0.09492828161631593,4.461406776236226,16.061756450053252,4.148561338617086,2.858130912550547,13.526109293029403,6.064682639921905,18.597403607077098,0.6108652381980153,18.95,31.453130535875722,126.7362283242621,109.81722681506974
44.0,0.612933960087923,-0.20575420609895337,0.09477709949678215,4.33592957122189,15.959849332730329,4.172268115428068,2.793210606761615,13.386909730505936,5.878648535682166,18.532788934954723,0.6108652381980153,18.95,64.73138739287921,7.642768093174713,150.00000148973058
44.25,0.6126590175331917,-0.20568535099358293,0.09498111303633469,4.212962621211498,15.855077063448102,4.196034831448787,2.731823912047918,13.246202186375863,5.694101330375078,18.463951940520342,0.6108652381980153,18.95,39.185720606331884,-66.65753462827563,150.00000149296267
44.5,0.6163978210793727,-0.2023316237835395,0.09356588099900849,4.0927132630826,15.746548405190044,4.219569332746079,2.673377617676576,13.103541343966056,5.512048908488624,18.389555466414034,0.6108652381980153,18.95,27.65872945305132,-50.81101978524332,150.00000115935322
44.75,0.6170264100777628,-0.20299911117321343,0.0927806551128434,3.9749069167484428,15.635850034045596,4.2432055947829515,2.6184327158889684,12.960036561024232,5.331381117607917,18.31166350706696,0.6108652381980153,18.95,1.9967116902863367,145.79194846162733,60.7797692917365
45.0,0.6131260504298992,-0.2044216477404495,0.09494568888730982,3.8600314050887636,15.523012238844665,4.26727367945597,2.5683455572267078,12.81532915723543,5.15171725295082,18.2306953204539,0.6108652381980153,18.95,35.18100423572485,73.89755144528316,79.37811315564902
45.25,0.61318715144938,-0.20411542294016027,0.09504359806660843,3.7479062340540086,15.406720987122027,4.291044849482204,2.5209440478434453,12.669100890467014,4.974868420264572,18.14434108377704,0.6108652381980153,18.95,32.16049821458993,88.7427282221136,-122.11669310995504
45.5,0.6133791386431826,-0.2037681372552361,0.09505102768999817,3.63864230291345,15.287703519858411,4.314806431314587,2.4770705424303174,12.521704415511227,4.800214063396583,18.053702624205595,0.6108652381980153,18.95,17.89431576226379,78.44556756556291,72.7031211026071
45.75,0.6135899810176254,-0.2034357575542652,0.09505979128755548,3.5322998036224935,15.16604567790128,4.338571488495182,2.436783982276593,12.373225403486744,4.627815624968394,17.958865952315815,0.6108652381980153,18.95,30.675733176636115,36.479337832306165,58.0126093718391
46.0,0.6138242779094313,-0.20313029901717958,0.09506440602457152,3.4289335909261163,15.041815582625016,4.362337829751435,2.40009602137818,12.223750066089474,4.457771160474052,17.859881099160557,0.6108652381980153,18.95,28.362154224150153,-22.57210911669865,-138.3477175171137
46.25,0.6140758551190462,-0.20283994346542025,0.09506462131024854,3.3286024451688045,14.915083060414405,4.386104578622415,2.367025385952333,12.073363588125027,4.290179504385276,17.756802532703784,0.6108652381980153,18.95,27.94700637886042,72.37253602234448,64.17378953974024
46.5,0.6143490071787058,-0.20257127915247808,0.09506179078116317,3.2313591233155483,14.785918205429125,4.409871401589135,2.3375859158898202,11.922149804582448,4.125132330741277,17.6496866062758,0.6108652381980153,18.95,75.00000028292904,199.9999876482015,150.00000149546622
46.75,0.6146360970126792,-0.2023166396900974,0.09505708715246985,3.1372589477579345,14.654394508134791,4.433637880658855,2.3117934349000078,11.770195020047636,3.962724460615862,17.538593996221945,0.6108652381980153,18.95,30.2339566887263,-111.62914971040239,-49.13604253066541
47.0,0.6213075752185587,-0.19693153483875403,0.09132414650209719,3.0468609411052947,14.519555135712846,4.456854379000472,2.288572881001177,11.616970215696975,3.8051490012094122,17.422140055728715,0.6108652381980153,18.95,11.347916234749604,-47.11884437550021,-54.254447106050485
47.25,0.6152620132065956,-0.20186607117125394,0.0950405926379567,2.9586872047199693,14.384563971104507,4.4811671454311774,2.2711861666137683,11.464402618952388,3.646188242826171,17.30472532325663,0.6108652381980153,18.95,35.75793810650066,10.762157441920516,-127.24307735379028
47.5,0.6156075096018795,-0.20166846102997985,0.09502470678325282,2.874312629052586,14.246406998448508,4.5049275622555385,2.256383371258656,11.310736132639086,3.492241886846517,17.18207786425793,0.6108652381980153,18.95,32.202632711079815,26.293107531925035,50.951784230592516
47.75,0.6159471844502437,-0.20149557928823583,0.09501476033055145,2.7932748275572767,14.106194996875454,4.52868672729818,2.245262498044696,11.156672580160809,3.3412871570698583,17.0557174135901,0.6108652381980153,18.95,19.986164655599836,44.21903513263167,33.274411679275346
48.0,0.616307265613763,-0.20133535035442732,0.09499642057779314,2.7156193899629772,13.964002555629218,4.5524408794842595,2.2378184793850933,11.002295904076613,3.1934203005408617,16.92570920718182,0.6108652381980153,18.95,16.59361758883101,62.295277650370174,80.78259398396095
48.25,0.6166745495082075,-0.20119456083285375,0.09497833389124449,2.641388055726362,13.819910957982671,4.576191527744621,2.2340577407918034,10.847692592092395,3.0487183706609207,16.792129323872945,0.6108652381980153,18.95,38.877844483841464,-0.2066927450540357,85.1066104913636
48.5,0.6170564393054302,-0.20107193997332912,0.09495800499664926,2.570621729716389,13.673999167239774,4.5999375257381105,2.2339779092319554,10.692947182095999,2.907265550200824,16.65505115238355,0.6108652381980153,18.95,56.239589614814875,-25.7935705554909,150.00000149333707
48.75,0.6174367922477636,-0.20096483626210415,0.09493444043950651,2.5033607093073544,13.526352221025505,4.623678002331811,2.2375766994504374,10.538148938097052,2.769144719164272,16.514555503953954,0.6108652381980153,18.95,65.15179884611258,72.14249981707555,150.0000014954172
49.0,0.6214142862309119,-0.2000322122490657,0.0924345399437694,2.439727004079267,13.376484096773197,4.647052808062953,2.2438579113816455,10.382885042369649,2.6355960967768897,16.370083151176743,0.6108652381980153,18.95,19.490894305056184,18.836439735799097,-79.69102273461037
49.25,0.6253796004186957,-0.19550070969395525,0.0911473884710471,2.380261671002643,13.224968819651302,4.670587242032258,2.254892974626758,10.227589515998023,2.505630367378529,16.222348123304577,0.6108652381980153,18.95,-0.9456514020118146,-86.7894273182388,121.7208505570533
49.5,0.6185989697374898,-0.20074446145830135,0.09485697417511496,2.322968463358691,13.073831325502967,4.694864792803621,2.270398591388202,10.074291959440071,2.37553833532918,16.073370691565863,0.6108652381980153,18.95,41.30926448252934,45.75190821055197,91.21498375203846
49.75,0.6189848220961984,-0.2006967793019069,0.09482411333548237,2.270081372637877,12.92008488822731,4.718579243846497,2.288652044420053,9.92014236708635,2.251510700855701,15.920027409368268,0.6108652381980153,18.95,0.0,0.0,0.0
50.0,0.6193707175313523,-0.2006617738999185,0.0947939580415401,2.2208650782597226,12.765031294781561,4.742287349999344,2.3105468244377128,9.766372063657746,2.131183332081733,15.763690525905378,0.6108652381980153,18.95,0.0,0.0,0.0
